25,32,4,4
8.4,150.0
8.4,195.0
8.4,240.0
8.4,285.0
8.4,330.0
16.8,150.0
16.8,195.0
16.8,240.0
16.8,285.0
16.8,330.0
25.200000000000003,150.0
25.200000000000003,195.0
25.200000000000003,240.0
25.200000000000003,285.0
25.200000000000003,330.0
33.6,150.0
33.6,195.0
33.6,240.0
33.6,285.0
33.6,330.0
42.0,150.0
42.0,195.0
42.0,240.0
42.0,285.0
42.0,330.0
0,1,6
0,5,6
1,2,7
1,6,7
2,3,8
2,7,8
3,4,9
3,8,9
5,6,11
5,10,11
6,7,12
6,11,12
7,8,13
7,12,13
8,9,14
8,13,14
10,11,16
10,15,16
11,12,16
17,16,12
12,13,18
12,17,18
13,14,19
13,18,19
15,16,20
21,20,16
16,17,21
22,21,17
17,18,22
23,22,18
18,19,23
24,23,19
1,1,1,1,
1,1,1,1,
1,0,1,1,
0,0,0,0,
0,1,2,3,4,
5,6,7,8,9,
10,11,12,13,14,
15,16,17,18,19,
20,21,22,23,24,
