1089,2048,32,32
8.4,150.0
8.4,155.625
8.4,161.25
8.4,166.875
8.4,172.5
8.4,178.125
8.4,183.75
8.4,189.375
8.4,195.0
8.4,200.625
8.4,206.25
8.4,211.875
8.4,217.5
8.4,223.125
8.4,228.75
8.4,234.375
8.4,240.0
8.4,245.625
8.4,251.25
8.4,256.875
8.4,262.5
8.4,268.125
8.4,273.75
8.4,279.375
8.4,285.0
8.4,290.625
8.4,296.25
8.4,301.875
8.4,307.5
8.4,313.125
8.4,318.75
8.4,324.375
8.4,330.0
9.450000000000001,150.0
9.450000000000001,155.625
9.450000000000001,161.25
9.450000000000001,166.875
9.450000000000001,172.5
9.450000000000001,178.125
9.450000000000001,183.75
9.450000000000001,189.375
9.450000000000001,195.0
9.450000000000001,200.625
9.450000000000001,206.25
9.450000000000001,211.875
9.450000000000001,217.5
9.450000000000001,223.125
9.450000000000001,228.75
9.450000000000001,234.375
9.450000000000001,240.0
9.450000000000001,245.625
9.450000000000001,251.25
9.450000000000001,256.875
9.450000000000001,262.5
9.450000000000001,268.125
9.450000000000001,273.75
9.450000000000001,279.375
9.450000000000001,285.0
9.450000000000001,290.625
9.450000000000001,296.25
9.450000000000001,301.875
9.450000000000001,307.5
9.450000000000001,313.125
9.450000000000001,318.75
9.450000000000001,324.375
9.450000000000001,330.0
10.5,150.0
10.5,155.625
10.5,161.25
10.5,166.875
10.5,172.5
10.5,178.125
10.5,183.75
10.5,189.375
10.5,195.0
10.5,200.625
10.5,206.25
10.5,211.875
10.5,217.5
10.5,223.125
10.5,228.75
10.5,234.375
10.5,240.0
10.5,245.625
10.5,251.25
10.5,256.875
10.5,262.5
10.5,268.125
10.5,273.75
10.5,279.375
10.5,285.0
10.5,290.625
10.5,296.25
10.5,301.875
10.5,307.5
10.5,313.125
10.5,318.75
10.5,324.375
10.5,330.0
11.55,150.0
11.55,155.625
11.55,161.25
11.55,166.875
11.55,172.5
11.55,178.125
11.55,183.75
11.55,189.375
11.55,195.0
11.55,200.625
11.55,206.25
11.55,211.875
11.55,217.5
11.55,223.125
11.55,228.75
11.55,234.375
11.55,240.0
11.55,245.625
11.55,251.25
11.55,256.875
11.55,262.5
11.55,268.125
11.55,273.75
11.55,279.375
11.55,285.0
11.55,290.625
11.55,296.25
11.55,301.875
11.55,307.5
11.55,313.125
11.55,318.75
11.55,324.375
11.55,330.0
12.600000000000001,150.0
12.600000000000001,155.625
12.600000000000001,161.25
12.600000000000001,166.875
12.600000000000001,172.5
12.600000000000001,178.125
12.600000000000001,183.75
12.600000000000001,189.375
12.600000000000001,195.0
12.600000000000001,200.625
12.600000000000001,206.25
12.600000000000001,211.875
12.600000000000001,217.5
12.600000000000001,223.125
12.600000000000001,228.75
12.600000000000001,234.375
12.600000000000001,240.0
12.600000000000001,245.625
12.600000000000001,251.25
12.600000000000001,256.875
12.600000000000001,262.5
12.600000000000001,268.125
12.600000000000001,273.75
12.600000000000001,279.375
12.600000000000001,285.0
12.600000000000001,290.625
12.600000000000001,296.25
12.600000000000001,301.875
12.600000000000001,307.5
12.600000000000001,313.125
12.600000000000001,318.75
12.600000000000001,324.375
12.600000000000001,330.0
13.65,150.0
13.65,155.625
13.65,161.25
13.65,166.875
13.65,172.5
13.65,178.125
13.65,183.75
13.65,189.375
13.65,195.0
13.65,200.625
13.65,206.25
13.65,211.875
13.65,217.5
13.65,223.125
13.65,228.75
13.65,234.375
13.65,240.0
13.65,245.625
13.65,251.25
13.65,256.875
13.65,262.5
13.65,268.125
13.65,273.75
13.65,279.375
13.65,285.0
13.65,290.625
13.65,296.25
13.65,301.875
13.65,307.5
13.65,313.125
13.65,318.75
13.65,324.375
13.65,330.0
14.700000000000001,150.0
14.700000000000001,155.625
14.700000000000001,161.25
14.700000000000001,166.875
14.700000000000001,172.5
14.700000000000001,178.125
14.700000000000001,183.75
14.700000000000001,189.375
14.700000000000001,195.0
14.700000000000001,200.625
14.700000000000001,206.25
14.700000000000001,211.875
14.700000000000001,217.5
14.700000000000001,223.125
14.700000000000001,228.75
14.700000000000001,234.375
14.700000000000001,240.0
14.700000000000001,245.625
14.700000000000001,251.25
14.700000000000001,256.875
14.700000000000001,262.5
14.700000000000001,268.125
14.700000000000001,273.75
14.700000000000001,279.375
14.700000000000001,285.0
14.700000000000001,290.625
14.700000000000001,296.25
14.700000000000001,301.875
14.700000000000001,307.5
14.700000000000001,313.125
14.700000000000001,318.75
14.700000000000001,324.375
14.700000000000001,330.0
15.75,150.0
15.75,155.625
15.75,161.25
15.75,166.875
15.75,172.5
15.75,178.125
15.75,183.75
15.75,189.375
15.75,195.0
15.75,200.625
15.75,206.25
15.75,211.875
15.75,217.5
15.75,223.125
15.75,228.75
15.75,234.375
15.75,240.0
15.75,245.625
15.75,251.25
15.75,256.875
15.75,262.5
15.75,268.125
15.75,273.75
15.75,279.375
15.75,285.0
15.75,290.625
15.75,296.25
15.75,301.875
15.75,307.5
15.75,313.125
15.75,318.75
15.75,324.375
15.75,330.0
16.8,150.0
16.8,155.625
16.8,161.25
16.8,166.875
16.8,172.5
16.8,178.125
16.8,183.75
16.8,189.375
16.8,195.0
16.8,200.625
16.8,206.25
16.8,211.875
16.8,217.5
16.8,223.125
16.8,228.75
16.8,234.375
16.8,240.0
16.8,245.625
16.8,251.25
16.8,256.875
16.8,262.5
16.8,268.125
16.8,273.75
16.8,279.375
16.8,285.0
16.8,290.625
16.8,296.25
16.8,301.875
16.8,307.5
16.8,313.125
16.8,318.75
16.8,324.375
16.8,330.0
17.85,150.0
17.85,155.625
17.85,161.25
17.85,166.875
17.85,172.5
17.85,178.125
17.85,183.75
17.85,189.375
17.85,195.0
17.85,200.625
17.85,206.25
17.85,211.875
17.85,217.5
17.85,223.125
17.85,228.75
17.85,234.375
17.85,240.0
17.85,245.625
17.85,251.25
17.85,256.875
17.85,262.5
17.85,268.125
17.85,273.75
17.85,279.375
17.85,285.0
17.85,290.625
17.85,296.25
17.85,301.875
17.85,307.5
17.85,313.125
17.85,318.75
17.85,324.375
17.85,330.0
18.9,150.0
18.9,155.625
18.9,161.25
18.9,166.875
18.9,172.5
18.9,178.125
18.9,183.75
18.9,189.375
18.9,195.0
18.9,200.625
18.9,206.25
18.9,211.875
18.9,217.5
18.9,223.125
18.9,228.75
18.9,234.375
18.9,240.0
18.9,245.625
18.9,251.25
18.9,256.875
18.9,262.5
18.9,268.125
18.9,273.75
18.9,279.375
18.9,285.0
18.9,290.625
18.9,296.25
18.9,301.875
18.9,307.5
18.9,313.125
18.9,318.75
18.9,324.375
18.9,330.0
19.950000000000003,150.0
19.950000000000003,155.625
19.950000000000003,161.25
19.950000000000003,166.875
19.950000000000003,172.5
19.950000000000003,178.125
19.950000000000003,183.75
19.950000000000003,189.375
19.950000000000003,195.0
19.950000000000003,200.625
19.950000000000003,206.25
19.950000000000003,211.875
19.950000000000003,217.5
19.950000000000003,223.125
19.950000000000003,228.75
19.950000000000003,234.375
19.950000000000003,240.0
19.950000000000003,245.625
19.950000000000003,251.25
19.950000000000003,256.875
19.950000000000003,262.5
19.950000000000003,268.125
19.950000000000003,273.75
19.950000000000003,279.375
19.950000000000003,285.0
19.950000000000003,290.625
19.950000000000003,296.25
19.950000000000003,301.875
19.950000000000003,307.5
19.950000000000003,313.125
19.950000000000003,318.75
19.950000000000003,324.375
19.950000000000003,330.0
21.0,150.0
21.0,155.625
21.0,161.25
21.0,166.875
21.0,172.5
21.0,178.125
21.0,183.75
21.0,189.375
21.0,195.0
21.0,200.625
21.0,206.25
21.0,211.875
21.0,217.5
21.0,223.125
21.0,228.75
21.0,234.375
21.0,240.0
21.0,245.625
21.0,251.25
21.0,256.875
21.0,262.5
21.0,268.125
21.0,273.75
21.0,279.375
21.0,285.0
21.0,290.625
21.0,296.25
21.0,301.875
21.0,307.5
21.0,313.125
21.0,318.75
21.0,324.375
21.0,330.0
22.05,150.0
22.05,155.625
22.05,161.25
22.05,166.875
22.05,172.5
22.05,178.125
22.05,183.75
22.05,189.375
22.05,195.0
22.05,200.625
22.05,206.25
22.05,211.875
22.05,217.5
22.05,223.125
22.05,228.75
22.05,234.375
22.05,240.0
22.05,245.625
22.05,251.25
22.05,256.875
22.05,262.5
22.05,268.125
22.05,273.75
22.05,279.375
22.05,285.0
22.05,290.625
22.05,296.25
22.05,301.875
22.05,307.5
22.05,313.125
22.05,318.75
22.05,324.375
22.05,330.0
23.1,150.0
23.1,155.625
23.1,161.25
23.1,166.875
23.1,172.5
23.1,178.125
23.1,183.75
23.1,189.375
23.1,195.0
23.1,200.625
23.1,206.25
23.1,211.875
23.1,217.5
23.1,223.125
23.1,228.75
23.1,234.375
23.1,240.0
23.1,245.625
23.1,251.25
23.1,256.875
23.1,262.5
23.1,268.125
23.1,273.75
23.1,279.375
23.1,285.0
23.1,290.625
23.1,296.25
23.1,301.875
23.1,307.5
23.1,313.125
23.1,318.75
23.1,324.375
23.1,330.0
24.15,150.0
24.15,155.625
24.15,161.25
24.15,166.875
24.15,172.5
24.15,178.125
24.15,183.75
24.15,189.375
24.15,195.0
24.15,200.625
24.15,206.25
24.15,211.875
24.15,217.5
24.15,223.125
24.15,228.75
24.15,234.375
24.15,240.0
24.15,245.625
24.15,251.25
24.15,256.875
24.15,262.5
24.15,268.125
24.15,273.75
24.15,279.375
24.15,285.0
24.15,290.625
24.15,296.25
24.15,301.875
24.15,307.5
24.15,313.125
24.15,318.75
24.15,324.375
24.15,330.0
25.200000000000003,150.0
25.200000000000003,155.625
25.200000000000003,161.25
25.200000000000003,166.875
25.200000000000003,172.5
25.200000000000003,178.125
25.200000000000003,183.75
25.200000000000003,189.375
25.200000000000003,195.0
25.200000000000003,200.625
25.200000000000003,206.25
25.200000000000003,211.875
25.200000000000003,217.5
25.200000000000003,223.125
25.200000000000003,228.75
25.200000000000003,234.375
25.200000000000003,240.0
25.200000000000003,245.625
25.200000000000003,251.25
25.200000000000003,256.875
25.200000000000003,262.5
25.200000000000003,268.125
25.200000000000003,273.75
25.200000000000003,279.375
25.200000000000003,285.0
25.200000000000003,290.625
25.200000000000003,296.25
25.200000000000003,301.875
25.200000000000003,307.5
25.200000000000003,313.125
25.200000000000003,318.75
25.200000000000003,324.375
25.200000000000003,330.0
26.25,150.0
26.25,155.625
26.25,161.25
26.25,166.875
26.25,172.5
26.25,178.125
26.25,183.75
26.25,189.375
26.25,195.0
26.25,200.625
26.25,206.25
26.25,211.875
26.25,217.5
26.25,223.125
26.25,228.75
26.25,234.375
26.25,240.0
26.25,245.625
26.25,251.25
26.25,256.875
26.25,262.5
26.25,268.125
26.25,273.75
26.25,279.375
26.25,285.0
26.25,290.625
26.25,296.25
26.25,301.875
26.25,307.5
26.25,313.125
26.25,318.75
26.25,324.375
26.25,330.0
27.300000000000004,150.0
27.300000000000004,155.625
27.300000000000004,161.25
27.300000000000004,166.875
27.300000000000004,172.5
27.300000000000004,178.125
27.300000000000004,183.75
27.300000000000004,189.375
27.300000000000004,195.0
27.300000000000004,200.625
27.300000000000004,206.25
27.300000000000004,211.875
27.300000000000004,217.5
27.300000000000004,223.125
27.300000000000004,228.75
27.300000000000004,234.375
27.300000000000004,240.0
27.300000000000004,245.625
27.300000000000004,251.25
27.300000000000004,256.875
27.300000000000004,262.5
27.300000000000004,268.125
27.300000000000004,273.75
27.300000000000004,279.375
27.300000000000004,285.0
27.300000000000004,290.625
27.300000000000004,296.25
27.300000000000004,301.875
27.300000000000004,307.5
27.300000000000004,313.125
27.300000000000004,318.75
27.300000000000004,324.375
27.300000000000004,330.0
28.35,150.0
28.35,155.625
28.35,161.25
28.35,166.875
28.35,172.5
28.35,178.125
28.35,183.75
28.35,189.375
28.35,195.0
28.35,200.625
28.35,206.25
28.35,211.875
28.35,217.5
28.35,223.125
28.35,228.75
28.35,234.375
28.35,240.0
28.35,245.625
28.35,251.25
28.35,256.875
28.35,262.5
28.35,268.125
28.35,273.75
28.35,279.375
28.35,285.0
28.35,290.625
28.35,296.25
28.35,301.875
28.35,307.5
28.35,313.125
28.35,318.75
28.35,324.375
28.35,330.0
29.4,150.0
29.4,155.625
29.4,161.25
29.4,166.875
29.4,172.5
29.4,178.125
29.4,183.75
29.4,189.375
29.4,195.0
29.4,200.625
29.4,206.25
29.4,211.875
29.4,217.5
29.4,223.125
29.4,228.75
29.4,234.375
29.4,240.0
29.4,245.625
29.4,251.25
29.4,256.875
29.4,262.5
29.4,268.125
29.4,273.75
29.4,279.375
29.4,285.0
29.4,290.625
29.4,296.25
29.4,301.875
29.4,307.5
29.4,313.125
29.4,318.75
29.4,324.375
29.4,330.0
30.450000000000003,150.0
30.450000000000003,155.625
30.450000000000003,161.25
30.450000000000003,166.875
30.450000000000003,172.5
30.450000000000003,178.125
30.450000000000003,183.75
30.450000000000003,189.375
30.450000000000003,195.0
30.450000000000003,200.625
30.450000000000003,206.25
30.450000000000003,211.875
30.450000000000003,217.5
30.450000000000003,223.125
30.450000000000003,228.75
30.450000000000003,234.375
30.450000000000003,240.0
30.450000000000003,245.625
30.450000000000003,251.25
30.450000000000003,256.875
30.450000000000003,262.5
30.450000000000003,268.125
30.450000000000003,273.75
30.450000000000003,279.375
30.450000000000003,285.0
30.450000000000003,290.625
30.450000000000003,296.25
30.450000000000003,301.875
30.450000000000003,307.5
30.450000000000003,313.125
30.450000000000003,318.75
30.450000000000003,324.375
30.450000000000003,330.0
31.5,150.0
31.5,155.625
31.5,161.25
31.5,166.875
31.5,172.5
31.5,178.125
31.5,183.75
31.5,189.375
31.5,195.0
31.5,200.625
31.5,206.25
31.5,211.875
31.5,217.5
31.5,223.125
31.5,228.75
31.5,234.375
31.5,240.0
31.5,245.625
31.5,251.25
31.5,256.875
31.5,262.5
31.5,268.125
31.5,273.75
31.5,279.375
31.5,285.0
31.5,290.625
31.5,296.25
31.5,301.875
31.5,307.5
31.5,313.125
31.5,318.75
31.5,324.375
31.5,330.0
32.550000000000004,150.0
32.550000000000004,155.625
32.550000000000004,161.25
32.550000000000004,166.875
32.550000000000004,172.5
32.550000000000004,178.125
32.550000000000004,183.75
32.550000000000004,189.375
32.550000000000004,195.0
32.550000000000004,200.625
32.550000000000004,206.25
32.550000000000004,211.875
32.550000000000004,217.5
32.550000000000004,223.125
32.550000000000004,228.75
32.550000000000004,234.375
32.550000000000004,240.0
32.550000000000004,245.625
32.550000000000004,251.25
32.550000000000004,256.875
32.550000000000004,262.5
32.550000000000004,268.125
32.550000000000004,273.75
32.550000000000004,279.375
32.550000000000004,285.0
32.550000000000004,290.625
32.550000000000004,296.25
32.550000000000004,301.875
32.550000000000004,307.5
32.550000000000004,313.125
32.550000000000004,318.75
32.550000000000004,324.375
32.550000000000004,330.0
33.6,150.0
33.6,155.625
33.6,161.25
33.6,166.875
33.6,172.5
33.6,178.125
33.6,183.75
33.6,189.375
33.6,195.0
33.6,200.625
33.6,206.25
33.6,211.875
33.6,217.5
33.6,223.125
33.6,228.75
33.6,234.375
33.6,240.0
33.6,245.625
33.6,251.25
33.6,256.875
33.6,262.5
33.6,268.125
33.6,273.75
33.6,279.375
33.6,285.0
33.6,290.625
33.6,296.25
33.6,301.875
33.6,307.5
33.6,313.125
33.6,318.75
33.6,324.375
33.6,330.0
34.65,150.0
34.65,155.625
34.65,161.25
34.65,166.875
34.65,172.5
34.65,178.125
34.65,183.75
34.65,189.375
34.65,195.0
34.65,200.625
34.65,206.25
34.65,211.875
34.65,217.5
34.65,223.125
34.65,228.75
34.65,234.375
34.65,240.0
34.65,245.625
34.65,251.25
34.65,256.875
34.65,262.5
34.65,268.125
34.65,273.75
34.65,279.375
34.65,285.0
34.65,290.625
34.65,296.25
34.65,301.875
34.65,307.5
34.65,313.125
34.65,318.75
34.65,324.375
34.65,330.0
35.7,150.0
35.7,155.625
35.7,161.25
35.7,166.875
35.7,172.5
35.7,178.125
35.7,183.75
35.7,189.375
35.7,195.0
35.7,200.625
35.7,206.25
35.7,211.875
35.7,217.5
35.7,223.125
35.7,228.75
35.7,234.375
35.7,240.0
35.7,245.625
35.7,251.25
35.7,256.875
35.7,262.5
35.7,268.125
35.7,273.75
35.7,279.375
35.7,285.0
35.7,290.625
35.7,296.25
35.7,301.875
35.7,307.5
35.7,313.125
35.7,318.75
35.7,324.375
35.7,330.0
36.75,150.0
36.75,155.625
36.75,161.25
36.75,166.875
36.75,172.5
36.75,178.125
36.75,183.75
36.75,189.375
36.75,195.0
36.75,200.625
36.75,206.25
36.75,211.875
36.75,217.5
36.75,223.125
36.75,228.75
36.75,234.375
36.75,240.0
36.75,245.625
36.75,251.25
36.75,256.875
36.75,262.5
36.75,268.125
36.75,273.75
36.75,279.375
36.75,285.0
36.75,290.625
36.75,296.25
36.75,301.875
36.75,307.5
36.75,313.125
36.75,318.75
36.75,324.375
36.75,330.0
37.800000000000004,150.0
37.800000000000004,155.625
37.800000000000004,161.25
37.800000000000004,166.875
37.800000000000004,172.5
37.800000000000004,178.125
37.800000000000004,183.75
37.800000000000004,189.375
37.800000000000004,195.0
37.800000000000004,200.625
37.800000000000004,206.25
37.800000000000004,211.875
37.800000000000004,217.5
37.800000000000004,223.125
37.800000000000004,228.75
37.800000000000004,234.375
37.800000000000004,240.0
37.800000000000004,245.625
37.800000000000004,251.25
37.800000000000004,256.875
37.800000000000004,262.5
37.800000000000004,268.125
37.800000000000004,273.75
37.800000000000004,279.375
37.800000000000004,285.0
37.800000000000004,290.625
37.800000000000004,296.25
37.800000000000004,301.875
37.800000000000004,307.5
37.800000000000004,313.125
37.800000000000004,318.75
37.800000000000004,324.375
37.800000000000004,330.0
38.85,150.0
38.85,155.625
38.85,161.25
38.85,166.875
38.85,172.5
38.85,178.125
38.85,183.75
38.85,189.375
38.85,195.0
38.85,200.625
38.85,206.25
38.85,211.875
38.85,217.5
38.85,223.125
38.85,228.75
38.85,234.375
38.85,240.0
38.85,245.625
38.85,251.25
38.85,256.875
38.85,262.5
38.85,268.125
38.85,273.75
38.85,279.375
38.85,285.0
38.85,290.625
38.85,296.25
38.85,301.875
38.85,307.5
38.85,313.125
38.85,318.75
38.85,324.375
38.85,330.0
39.9,150.0
39.9,155.625
39.9,161.25
39.9,166.875
39.9,172.5
39.9,178.125
39.9,183.75
39.9,189.375
39.9,195.0
39.9,200.625
39.9,206.25
39.9,211.875
39.9,217.5
39.9,223.125
39.9,228.75
39.9,234.375
39.9,240.0
39.9,245.625
39.9,251.25
39.9,256.875
39.9,262.5
39.9,268.125
39.9,273.75
39.9,279.375
39.9,285.0
39.9,290.625
39.9,296.25
39.9,301.875
39.9,307.5
39.9,313.125
39.9,318.75
39.9,324.375
39.9,330.0
40.95,150.0
40.95,155.625
40.95,161.25
40.95,166.875
40.95,172.5
40.95,178.125
40.95,183.75
40.95,189.375
40.95,195.0
40.95,200.625
40.95,206.25
40.95,211.875
40.95,217.5
40.95,223.125
40.95,228.75
40.95,234.375
40.95,240.0
40.95,245.625
40.95,251.25
40.95,256.875
40.95,262.5
40.95,268.125
40.95,273.75
40.95,279.375
40.95,285.0
40.95,290.625
40.95,296.25
40.95,301.875
40.95,307.5
40.95,313.125
40.95,318.75
40.95,324.375
40.95,330.0
42.0,150.0
42.0,155.625
42.0,161.25
42.0,166.875
42.0,172.5
42.0,178.125
42.0,183.75
42.0,189.375
42.0,195.0
42.0,200.625
42.0,206.25
42.0,211.875
42.0,217.5
42.0,223.125
42.0,228.75
42.0,234.375
42.0,240.0
42.0,245.625
42.0,251.25
42.0,256.875
42.0,262.5
42.0,268.125
42.0,273.75
42.0,279.375
42.0,285.0
42.0,290.625
42.0,296.25
42.0,301.875
42.0,307.5
42.0,313.125
42.0,318.75
42.0,324.375
42.0,330.0
0,1,33
34,33,1
1,2,35
1,34,35
2,3,35
36,35,3
3,4,36
37,36,4
4,5,37
38,37,5
5,6,39
5,38,39
6,7,40
6,39,40
7,8,41
7,40,41
8,9,42
8,41,42
9,10,42
43,42,10
10,11,43
44,43,11
11,12,44
45,44,12
12,13,45
46,45,13
13,14,46
47,46,14
14,15,48
14,47,48
15,16,48
49,48,16
16,17,50
16,49,50
17,18,51
17,50,51
18,19,51
52,51,19
19,20,52
53,52,20
20,21,54
20,53,54
21,22,54
55,54,22
22,23,55
56,55,23
23,24,56
57,56,24
24,25,58
24,57,58
25,26,58
59,58,26
26,27,59
60,59,27
27,28,60
61,60,28
28,29,61
62,61,29
29,30,63
29,62,63
30,31,64
30,63,64
31,32,64
65,64,32
33,34,66
67,66,34
34,35,68
34,67,68
35,36,69
35,68,69
36,37,69
70,69,37
37,38,71
37,70,71
38,39,71
72,71,39
39,40,72
73,72,40
40,41,74
40,73,74
41,42,75
41,74,75
42,43,75
76,75,43
43,44,77
43,76,77
44,45,78
44,77,78
45,46,79
45,78,79
46,47,80
46,79,80
47,48,80
81,80,48
48,49,82
48,81,82
49,50,83
49,82,83
50,51,83
84,83,51
51,52,84
85,84,52
52,53,86
52,85,86
53,54,87
53,86,87
54,55,88
54,87,88
55,56,88
89,88,56
56,57,90
56,89,90
57,58,91
57,90,91
58,59,92
58,91,92
59,60,92
93,92,60
60,61,94
60,93,94
61,62,95
61,94,95
62,63,95
96,95,63
63,64,97
63,96,97
64,65,97
98,97,65
66,67,100
66,99,100
67,68,101
67,100,101
68,69,101
102,101,69
69,70,103
69,102,103
70,71,103
104,103,71
71,72,105
71,104,105
72,73,106
72,105,106
73,74,106
107,106,74
74,75,108
74,107,108
75,76,109
75,108,109
76,77,109
110,109,77
77,78,111
77,110,111
78,79,111
112,111,79
79,80,112
113,112,80
80,81,114
80,113,114
81,82,115
81,114,115
82,83,115
116,115,83
83,84,117
83,116,117
84,85,118
84,117,118
85,86,118
119,118,86
86,87,119
120,119,87
87,88,120
121,120,88
88,89,121
122,121,89
89,90,122
123,122,90
90,91,124
90,123,124
91,92,124
125,124,92
92,93,125
126,125,93
93,94,126
127,126,94
94,95,127
128,127,95
95,96,129
95,128,129
96,97,130
96,129,130
97,98,130
131,130,98
99,100,132
133,132,100
100,101,134
100,133,134
101,102,135
101,134,135
102,103,136
102,135,136
103,104,137
103,136,137
104,105,137
138,137,105
105,106,138
139,138,106
106,107,139
140,139,107
107,108,141
107,140,141
108,109,141
142,141,109
109,110,142
143,142,110
110,111,144
110,143,144
111,112,144
145,144,112
112,113,145
146,145,113
113,114,147
113,146,147
114,115,148
114,147,148
115,116,148
149,148,116
116,117,149
150,149,117
117,118,151
117,150,151
118,119,152
118,151,152
119,120,152
153,152,120
120,121,154
120,153,154
121,122,154
155,154,122
122,123,155
156,155,123
123,124,156
157,156,124
124,125,158
124,157,158
125,126,158
159,158,126
126,127,160
126,159,160
127,128,161
127,160,161
128,129,161
162,161,129
129,130,163
129,162,163
130,131,164
130,163,164
132,133,165
166,165,133
133,134,167
133,166,167
134,135,167
168,167,135
135,136,169
135,168,169
136,137,170
136,169,170
137,138,170
171,170,138
138,139,172
138,171,172
139,140,172
173,172,140
140,141,174
140,173,174
141,142,175
141,174,175
142,143,175
176,175,143
143,144,177
143,176,177
144,145,178
144,177,178
145,146,178
179,178,146
146,147,179
180,179,147
147,148,181
147,180,181
148,149,181
182,181,149
149,150,182
183,182,150
150,151,183
184,183,151
151,152,184
185,184,152
152,153,185
186,185,153
153,154,186
187,186,154
154,155,187
188,187,155
155,156,189
155,188,189
156,157,189
190,189,157
157,158,191
157,190,191
158,159,192
158,191,192
159,160,193
159,192,193
160,161,193
194,193,161
161,162,194
195,194,162
162,163,195
196,195,163
163,164,196
197,196,164
165,166,198
199,198,166
166,167,200
166,199,200
167,168,200
201,200,168
168,169,202
168,201,202
169,170,203
169,202,203
170,171,204
170,203,204
171,172,205
171,204,205
172,173,206
172,205,206
173,174,207
173,206,207
174,175,207
208,207,175
175,176,208
209,208,176
176,177,209
210,209,177
177,178,211
177,210,211
178,179,212
178,211,212
179,180,213
179,212,213
180,181,213
214,213,181
181,182,214
215,214,182
182,183,215
216,215,183
183,184,217
183,216,217
184,185,218
184,217,218
185,186,219
185,218,219
186,187,219
220,219,187
187,188,220
221,220,188
188,189,221
222,221,189
189,190,223
189,222,223
190,191,224
190,223,224
191,192,224
225,224,192
192,193,226
192,225,226
193,194,227
193,226,227
194,195,228
194,227,228
195,196,228
229,228,196
196,197,230
196,229,230
198,199,231
232,231,199
199,200,232
233,232,200
200,201,234
200,233,234
201,202,234
235,234,202
202,203,235
236,235,203
203,204,237
203,236,237
204,205,238
204,237,238
205,206,239
205,238,239
206,207,240
206,239,240
207,208,240
241,240,208
208,209,241
242,241,209
209,210,243
209,242,243
210,211,243
244,243,211
211,212,245
211,244,245
212,213,245
246,245,213
213,214,246
247,246,214
214,215,248
214,247,248
215,216,249
215,248,249
216,217,250
216,249,250
217,218,251
217,250,251
218,219,252
218,251,252
219,220,252
253,252,220
220,221,253
254,253,221
221,222,254
255,254,222
222,223,256
222,255,256
223,224,256
257,256,224
224,225,258
224,257,258
225,226,259
225,258,259
226,227,260
226,259,260
227,228,260
261,260,228
228,229,262
228,261,262
229,230,262
263,262,230
231,232,264
265,264,232
232,233,265
266,265,233
233,234,266
267,266,234
234,235,267
268,267,235
235,236,269
235,268,269
236,237,270
236,269,270
237,238,271
237,270,271
238,239,271
272,271,239
239,240,272
273,272,240
240,241,273
274,273,241
241,242,275
241,274,275
242,243,275
276,275,243
243,244,277
243,276,277
244,245,278
244,277,278
245,246,279
245,278,279
246,247,280
246,279,280
247,248,281
247,280,281
248,249,282
248,281,282
249,250,283
249,282,283
250,251,284
250,283,284
251,252,284
285,284,252
252,253,286
252,285,286
253,254,286
287,286,254
254,255,288
254,287,288
255,256,288
289,288,256
256,257,290
256,289,290
257,258,291
257,290,291
258,259,292
258,291,292
259,260,293
259,292,293
260,261,294
260,293,294
261,262,294
295,294,262
262,263,295
296,295,263
264,265,298
264,297,298
265,266,298
299,298,266
266,267,300
266,299,300
267,268,301
267,300,301
268,269,302
268,301,302
269,270,303
269,302,303
270,271,303
304,303,271
271,272,305
271,304,305
272,273,305
306,305,273
273,274,306
307,306,274
274,275,307
308,307,275
275,276,308
309,308,276
276,277,310
276,309,310
277,278,311
277,310,311
278,279,311
312,311,279
279,280,313
279,312,313
280,281,314
280,313,314
281,282,315
281,314,315
282,283,315
316,315,283
283,284,317
283,316,317
284,285,317
318,317,285
285,286,318
319,318,286
286,287,320
286,319,320
287,288,320
321,320,288
288,289,322
288,321,322
289,290,322
323,322,290
290,291,323
324,323,291
291,292,325
291,324,325
292,293,326
292,325,326
293,294,327
293,326,327
294,295,327
328,327,295
295,296,328
329,328,296
297,298,331
297,330,331
298,299,331
332,331,299
299,300,333
299,332,333
300,301,334
300,333,334
301,302,335
301,334,335
302,303,335
336,335,303
303,304,337
303,336,337
304,305,337
338,337,305
305,306,339
305,338,339
306,307,339
340,339,307
307,308,341
307,340,341
308,309,341
342,341,309
309,310,343
309,342,343
310,311,344
310,343,344
311,312,344
345,344,312
312,313,345
346,345,313
313,314,347
313,346,347
314,315,348
314,347,348
315,316,349
315,348,349
316,317,349
350,349,317
317,318,350
351,350,318
318,319,351
352,351,319
319,320,353
319,352,353
320,321,353
354,353,321
321,322,355
321,354,355
322,323,356
322,355,356
323,324,356
357,356,324
324,325,358
324,357,358
325,326,359
325,358,359
326,327,360
326,359,360
327,328,360
361,360,328
328,329,362
328,361,362
330,331,364
330,363,364
331,332,365
331,364,365
332,333,365
366,365,333
333,334,367
333,366,367
334,335,368
334,367,368
335,336,369
335,368,369
336,337,370
336,369,370
337,338,370
371,370,338
338,339,372
338,371,372
339,340,373
339,372,373
340,341,374
340,373,374
341,342,375
341,374,375
342,343,376
342,375,376
343,344,377
343,376,377
344,345,377
378,377,345
345,346,378
379,378,346
346,347,380
346,379,380
347,348,380
381,380,348
348,349,382
348,381,382
349,350,382
383,382,350
350,351,384
350,383,384
351,352,384
385,384,352
352,353,385
386,385,353
353,354,387
353,386,387
354,355,387
388,387,355
355,356,388
389,388,356
356,357,390
356,389,390
357,358,391
357,390,391
358,359,391
392,391,359
359,360,392
393,392,360
360,361,394
360,393,394
361,362,395
361,394,395
363,364,396
397,396,364
364,365,397
398,397,365
365,366,399
365,398,399
366,367,400
366,399,400
367,368,400
401,400,368
368,369,402
368,401,402
369,370,403
369,402,403
370,371,404
370,403,404
371,372,405
371,404,405
372,373,405
406,405,373
373,374,406
407,406,374
374,375,408
374,407,408
375,376,408
409,408,376
376,377,409
410,409,377
377,378,410
411,410,378
378,379,411
412,411,379
379,380,413
379,412,413
380,381,414
380,413,414
381,382,414
415,414,382
382,383,415
416,415,383
383,384,417
383,416,417
384,385,417
418,417,385
385,386,419
385,418,419
386,387,419
420,419,387
387,388,420
421,420,388
388,389,421
422,421,389
389,390,423
389,422,423
390,391,423
424,423,391
391,392,425
391,424,425
392,393,426
392,425,426
393,394,426
427,426,394
394,395,427
428,427,395
396,397,430
396,429,430
397,398,430
431,430,398
398,399,432
398,431,432
399,400,432
433,432,400
400,401,433
434,433,401
401,402,434
435,434,402
402,403,436
402,435,436
403,404,436
437,436,404
404,405,437
438,437,405
405,406,438
439,438,406
406,407,440
406,439,440
407,408,440
441,440,408
408,409,442
408,441,442
409,410,442
443,442,410
410,411,444
410,443,444
411,412,445
411,444,445
412,413,446
412,445,446
413,414,446
447,446,414
414,415,448
414,447,448
415,416,449
415,448,449
416,417,450
416,449,450
417,418,450
451,450,418
418,419,451
452,451,419
419,420,453
419,452,453
420,421,453
454,453,421
421,422,454
455,454,422
422,423,455
456,455,423
423,424,457
423,456,457
424,425,458
424,457,458
425,426,458
459,458,426
426,427,459
460,459,427
427,428,461
427,460,461
429,430,463
429,462,463
430,431,463
464,463,431
431,432,465
431,464,465
432,433,466
432,465,466
433,434,467
433,466,467
434,435,467
468,467,435
435,436,469
435,468,469
436,437,470
436,469,470
437,438,470
471,470,438
438,439,472
438,471,472
439,440,473
439,472,473
440,441,474
440,473,474
441,442,475
441,474,475
442,443,476
442,475,476
443,444,476
477,476,444
444,445,478
444,477,478
445,446,478
479,478,446
446,447,480
446,479,480
447,448,480
481,480,448
448,449,482
448,481,482
449,450,482
483,482,450
450,451,483
484,483,451
451,452,484
485,484,452
452,453,486
452,485,486
453,454,487
453,486,487
454,455,488
454,487,488
455,456,489
455,488,489
456,457,490
456,489,490
457,458,490
491,490,458
458,459,491
492,491,459
459,460,493
459,492,493
460,461,493
494,493,461
462,463,495
496,495,463
463,464,496
497,496,464
464,465,498
464,497,498
465,466,499
465,498,499
466,467,499
500,499,467
467,468,500
501,500,468
468,469,502
468,501,502
469,470,503
469,502,503
470,471,504
470,503,504
471,472,505
471,504,505
472,473,506
472,505,506
473,474,507
473,506,507
474,475,507
508,507,475
475,476,509
475,508,509
476,477,510
476,509,510
477,478,511
477,510,511
478,479,511
512,511,479
479,480,513
479,512,513
480,481,513
514,513,481
481,482,515
481,514,515
482,483,515
516,515,483
483,484,517
483,516,517
484,485,517
518,517,485
485,486,519
485,518,519
486,487,520
486,519,520
487,488,521
487,520,521
488,489,522
488,521,522
489,490,523
489,522,523
490,491,524
490,523,524
491,492,525
491,524,525
492,493,525
526,525,493
493,494,527
493,526,527
495,496,528
529,528,496
496,497,530
496,529,530
497,498,530
531,530,498
498,499,532
498,531,532
499,500,533
499,532,533
500,501,534
500,533,534
501,502,535
501,534,535
502,503,536
502,535,536
503,504,537
503,536,537
504,505,538
504,537,538
505,506,539
505,538,539
506,507,540
506,539,540
507,508,540
541,540,508
508,509,542
508,541,542
509,510,543
509,542,543
510,511,544
510,543,544
511,512,545
511,544,545
512,513,545
546,545,513
513,514,547
513,546,547
514,515,548
514,547,548
515,516,549
515,548,549
516,517,549
550,549,517
517,518,550
551,550,518
518,519,552
518,551,552
519,520,552
553,552,520
520,521,553
554,553,521
521,522,554
555,554,522
522,523,555
556,555,523
523,524,556
557,556,524
524,525,558
524,557,558
525,526,558
559,558,526
526,527,559
560,559,527
528,529,562
528,561,562
529,530,563
529,562,563
530,531,564
530,563,564
531,532,564
565,564,532
532,533,565
566,565,533
533,534,567
533,566,567
534,535,567
568,567,535
535,536,569
535,568,569
536,537,569
570,569,537
537,538,571
537,570,571
538,539,571
572,571,539
539,540,572
573,572,540
540,541,574
540,573,574
541,542,575
541,574,575
542,543,575
576,575,543
543,544,577
543,576,577
544,545,577
578,577,545
545,546,578
579,578,546
546,547,579
580,579,547
547,548,580
581,580,548
548,549,581
582,581,549
549,550,582
583,582,550
550,551,583
584,583,551
551,552,584
585,584,552
552,553,586
552,585,586
553,554,586
587,586,554
554,555,588
554,587,588
555,556,589
555,588,589
556,557,590
556,589,590
557,558,590
591,590,558
558,559,591
592,591,559
559,560,593
559,592,593
561,562,595
561,594,595
562,563,595
596,595,563
563,564,597
563,596,597
564,565,597
598,597,565
565,566,599
565,598,599
566,567,599
600,599,567
567,568,601
567,600,601
568,569,601
602,601,569
569,570,603
569,602,603
570,571,603
604,603,571
571,572,604
605,604,572
572,573,605
606,605,573
573,574,607
573,606,607
574,575,607
608,607,575
575,576,609
575,608,609
576,577,610
576,609,610
577,578,610
611,610,578
578,579,612
578,611,612
579,580,612
613,612,580
580,581,613
614,613,581
581,582,615
581,614,615
582,583,616
582,615,616
583,584,616
617,616,584
584,585,618
584,617,618
585,586,619
585,618,619
586,587,619
620,619,587
587,588,621
587,620,621
588,589,622
588,621,622
589,590,623
589,622,623
590,591,623
624,623,591
591,592,625
591,624,625
592,593,625
626,625,593
594,595,627
628,627,595
595,596,629
595,628,629
596,597,629
630,629,597
597,598,631
597,630,631
598,599,631
632,631,599
599,600,632
633,632,600
600,601,634
600,633,634
601,602,635
601,634,635
602,603,635
636,635,603
603,604,637
603,636,637
604,605,638
604,637,638
605,606,638
639,638,606
606,607,639
640,639,607
607,608,640
641,640,608
608,609,642
608,641,642
609,610,642
643,642,610
610,611,644
610,643,644
611,612,644
645,644,612
612,613,646
612,645,646
613,614,646
647,646,614
614,615,648
614,647,648
615,616,648
649,648,616
616,617,649
650,649,617
617,618,651
617,650,651
618,619,651
652,651,619
619,620,653
619,652,653
620,621,653
654,653,621
621,622,655
621,654,655
622,623,656
622,655,656
623,624,656
657,656,624
624,625,658
624,657,658
625,626,658
659,658,626
627,628,661
627,660,661
628,629,661
662,661,629
629,630,663
629,662,663
630,631,664
630,663,664
631,632,665
631,664,665
632,633,666
632,665,666
633,634,666
667,666,634
634,635,668
634,667,668
635,636,668
669,668,636
636,637,669
670,669,637
637,638,671
637,670,671
638,639,672
638,671,672
639,640,672
673,672,640
640,641,674
640,673,674
641,642,675
641,674,675
642,643,676
642,675,676
643,644,677
643,676,677
644,645,677
678,677,645
645,646,678
679,678,646
646,647,680
646,679,680
647,648,680
681,680,648
648,649,681
682,681,649
649,650,682
683,682,650
650,651,683
684,683,651
651,652,685
651,684,685
652,653,685
686,685,653
653,654,687
653,686,687
654,655,688
654,687,688
655,656,688
689,688,656
656,657,690
656,689,690
657,658,690
691,690,658
658,659,692
658,691,692
660,661,694
660,693,694
661,662,695
661,694,695
662,663,696
662,695,696
663,664,696
697,696,664
664,665,697
698,697,665
665,666,699
665,698,699
666,667,699
700,699,667
667,668,701
667,700,701
668,669,702
668,701,702
669,670,702
703,702,670
670,671,703
704,703,671
671,672,705
671,704,705
672,673,705
706,705,673
673,674,706
707,706,674
674,675,708
674,707,708
675,676,708
709,708,676
676,677,709
710,709,677
677,678,711
677,710,711
678,679,712
678,711,712
679,680,712
713,712,680
680,681,713
714,713,681
681,682,715
681,714,715
682,683,715
716,715,683
683,684,717
683,716,717
684,685,717
718,717,685
685,686,718
719,718,686
686,687,720
686,719,720
687,688,721
687,720,721
688,689,722
688,721,722
689,690,722
723,722,690
690,691,723
724,723,691
691,692,724
725,724,692
693,694,726
727,726,694
694,695,728
694,727,728
695,696,729
695,728,729
696,697,730
696,729,730
697,698,731
697,730,731
698,699,732
698,731,732
699,700,733
699,732,733
700,701,733
734,733,701
701,702,735
701,734,735
702,703,735
736,735,703
703,704,737
703,736,737
704,705,738
704,737,738
705,706,739
705,738,739
706,707,740
706,739,740
707,708,741
707,740,741
708,709,742
708,741,742
709,710,742
743,742,710
710,711,744
710,743,744
711,712,745
711,744,745
712,713,746
712,745,746
713,714,747
713,746,747
714,715,747
748,747,715
715,716,749
715,748,749
716,717,749
750,749,717
717,718,750
751,750,718
718,719,751
752,751,719
719,720,752
753,752,720
720,721,754
720,753,754
721,722,755
721,754,755
722,723,756
722,755,756
723,724,756
757,756,724
724,725,757
758,757,725
726,727,759
760,759,727
727,728,760
761,760,728
728,729,761
762,761,729
729,730,762
763,762,730
730,731,764
730,763,764
731,732,764
765,764,732
732,733,766
732,765,766
733,734,767
733,766,767
734,735,767
768,767,735
735,736,769
735,768,769
736,737,769
770,769,737
737,738,770
771,770,738
738,739,772
738,771,772
739,740,773
739,772,773
740,741,774
740,773,774
741,742,774
775,774,742
742,743,775
776,775,743
743,744,777
743,776,777
744,745,777
778,777,745
745,746,779
745,778,779
746,747,780
746,779,780
747,748,781
747,780,781
748,749,781
782,781,749
749,750,783
749,782,783
750,751,784
750,783,784
751,752,784
785,784,752
752,753,786
752,785,786
753,754,786
787,786,754
754,755,787
788,787,755
755,756,789
755,788,789
756,757,790
756,789,790
757,758,790
791,790,758
759,760,792
793,792,760
760,761,793
794,793,761
761,762,795
761,794,795
762,763,796
762,795,796
763,764,797
763,796,797
764,765,798
764,797,798
765,766,798
799,798,766
766,767,799
800,799,767
767,768,801
767,800,801
768,769,802
768,801,802
769,770,803
769,802,803
770,771,803
804,803,771
771,772,805
771,804,805
772,773,805
806,805,773
773,774,806
807,806,774
774,775,807
808,807,775
775,776,808
809,808,776
776,777,809
810,809,777
777,778,810
811,810,778
778,779,812
778,811,812
779,780,812
813,812,780
780,781,813
814,813,781
781,782,814
815,814,782
782,783,816
782,815,816
783,784,816
817,816,784
784,785,818
784,817,818
785,786,819
785,818,819
786,787,819
820,819,787
787,788,821
787,820,821
788,789,821
822,821,789
789,790,823
789,822,823
790,791,824
790,823,824
792,793,826
792,825,826
793,794,826
827,826,794
794,795,828
794,827,828
795,796,829
795,828,829
796,797,830
796,829,830
797,798,831
797,830,831
798,799,831
832,831,799
799,800,833
799,832,833
800,801,834
800,833,834
801,802,835
801,834,835
802,803,836
802,835,836
803,804,836
837,836,804
804,805,838
804,837,838
805,806,838
839,838,806
806,807,840
806,839,840
807,808,841
807,840,841
808,809,841
842,841,809
809,810,843
809,842,843
810,811,844
810,843,844
811,812,844
845,844,812
812,813,845
846,845,813
813,814,847
813,846,847
814,815,848
814,847,848
815,816,848
849,848,816
816,817,849
850,849,817
817,818,850
851,850,818
818,819,851
852,851,819
819,820,852
853,852,820
820,821,854
820,853,854
821,822,855
821,854,855
822,823,856
822,855,856
823,824,857
823,856,857
825,826,858
859,858,826
826,827,859
860,859,827
827,828,861
827,860,861
828,829,861
862,861,829
829,830,862
863,862,830
830,831,863
864,863,831
831,832,864
865,864,832
832,833,865
866,865,833
833,834,866
867,866,834
834,835,868
834,867,868
835,836,869
835,868,869
836,837,869
870,869,837
837,838,871
837,870,871
838,839,872
838,871,872
839,840,872
873,872,840
840,841,873
874,873,841
841,842,874
875,874,842
842,843,875
876,875,843
843,844,877
843,876,877
844,845,877
878,877,845
845,846,879
845,878,879
846,847,879
880,879,847
847,848,881
847,880,881
848,849,882
848,881,882
849,850,882
883,882,850
850,851,884
850,883,884
851,852,884
885,884,852
852,853,885
886,885,853
853,854,887
853,886,887
854,855,887
888,887,855
855,856,888
889,888,856
856,857,889
890,889,857
858,859,891
892,891,859
859,860,892
893,892,860
860,861,893
894,893,861
861,862,894
895,894,862
862,863,896
862,895,896
863,864,897
863,896,897
864,865,898
864,897,898
865,866,898
899,898,866
866,867,899
900,899,867
867,868,901
867,900,901
868,869,901
902,901,869
869,870,902
903,902,870
870,871,903
904,903,871
871,872,905
871,904,905
872,873,905
906,905,873
873,874,906
907,906,874
874,875,908
874,907,908
875,876,908
909,908,876
876,877,909
910,909,877
877,878,910
911,910,878
878,879,911
912,911,879
879,880,912
913,912,880
880,881,914
880,913,914
881,882,914
915,914,882
882,883,915
916,915,883
883,884,917
883,916,917
884,885,917
918,917,885
885,886,918
919,918,886
886,887,919
920,919,887
887,888,920
921,920,888
888,889,921
922,921,889
889,890,923
889,922,923
891,892,924
925,924,892
892,893,925
926,925,893
893,894,927
893,926,927
894,895,928
894,927,928
895,896,928
929,928,896
896,897,930
896,929,930
897,898,931
897,930,931
898,899,932
898,931,932
899,900,933
899,932,933
900,901,933
934,933,901
901,902,934
935,934,902
902,903,935
936,935,903
903,904,937
903,936,937
904,905,938
904,937,938
905,906,938
939,938,906
906,907,939
940,939,907
907,908,941
907,940,941
908,909,941
942,941,909
909,910,943
909,942,943
910,911,943
944,943,911
911,912,945
911,944,945
912,913,945
946,945,913
913,914,946
947,946,914
914,915,948
914,947,948
915,916,949
915,948,949
916,917,950
916,949,950
917,918,950
951,950,918
918,919,951
952,951,919
919,920,953
919,952,953
920,921,953
954,953,921
921,922,954
955,954,922
922,923,955
956,955,923
924,925,957
958,957,925
925,926,958
959,958,926
926,927,960
926,959,960
927,928,960
961,960,928
928,929,961
962,961,929
929,930,963
929,962,963
930,931,964
930,963,964
931,932,964
965,964,932
932,933,965
966,965,933
933,934,966
967,966,934
934,935,968
934,967,968
935,936,968
969,968,936
936,937,969
970,969,937
937,938,971
937,970,971
938,939,971
972,971,939
939,940,973
939,972,973
940,941,973
974,973,941
941,942,975
941,974,975
942,943,976
942,975,976
943,944,977
943,976,977
944,945,978
944,977,978
945,946,979
945,978,979
946,947,980
946,979,980
947,948,980
981,980,948
948,949,981
982,981,949
949,950,983
949,982,983
950,951,983
984,983,951
951,952,985
951,984,985
952,953,985
986,985,953
953,954,986
987,986,954
954,955,987
988,987,955
955,956,988
989,988,956
957,958,991
957,990,991
958,959,991
992,991,959
959,960,992
993,992,960
960,961,994
960,993,994
961,962,994
995,994,962
962,963,995
996,995,963
963,964,997
963,996,997
964,965,997
998,997,965
965,966,998
999,998,966
966,967,999
1000,999,967
967,968,1000
1001,1000,968
968,969,1002
968,1001,1002
969,970,1002
1003,1002,970
970,971,1004
970,1003,1004
971,972,1005
971,1004,1005
972,973,1005
1006,1005,973
973,974,1006
1007,1006,974
974,975,1008
974,1007,1008
975,976,1008
1009,1008,976
976,977,1010
976,1009,1010
977,978,1010
1011,1010,978
978,979,1012
978,1011,1012
979,980,1013
979,1012,1013
980,981,1014
980,1013,1014
981,982,1015
981,1014,1015
982,983,1016
982,1015,1016
983,984,1016
1017,1016,984
984,985,1018
984,1017,1018
985,986,1018
1019,1018,986
986,987,1019
1020,1019,987
987,988,1020
1021,1020,988
988,989,1021
1022,1021,989
990,991,1024
990,1023,1024
991,992,1025
991,1024,1025
992,993,1025
1026,1025,993
993,994,1027
993,1026,1027
994,995,1027
1028,1027,995
995,996,1028
1029,1028,996
996,997,1030
996,1029,1030
997,998,1031
997,1030,1031
998,999,1031
1032,1031,999
999,1000,1032
1033,1032,1000
1000,1001,1034
1000,1033,1034
1001,1002,1034
1035,1034,1002
1002,1003,1036
1002,1035,1036
1003,1004,1036
1037,1036,1004
1004,1005,1037
1038,1037,1005
1005,1006,1039
1005,1038,1039
1006,1007,1039
1040,1039,1007
1007,1008,1041
1007,1040,1041
1008,1009,1041
1042,1041,1009
1009,1010,1042
1043,1042,1010
1010,1011,1043
1044,1043,1011
1011,1012,1044
1045,1044,1012
1012,1013,1045
1046,1045,1013
1013,1014,1046
1047,1046,1014
1014,1015,1048
1014,1047,1048
1015,1016,1049
1015,1048,1049
1016,1017,1050
1016,1049,1050
1017,1018,1051
1017,1050,1051
1018,1019,1052
1018,1051,1052
1019,1020,1052
1053,1052,1020
1020,1021,1053
1054,1053,1021
1021,1022,1054
1055,1054,1022
1023,1024,1057
1023,1056,1057
1024,1025,1058
1024,1057,1058
1025,1026,1058
1059,1058,1026
1026,1027,1059
1060,1059,1027
1027,1028,1061
1027,1060,1061
1028,1029,1061
1062,1061,1029
1029,1030,1063
1029,1062,1063
1030,1031,1063
1064,1063,1031
1031,1032,1065
1031,1064,1065
1032,1033,1065
1066,1065,1033
1033,1034,1067
1033,1066,1067
1034,1035,1067
1068,1067,1035
1035,1036,1068
1069,1068,1036
1036,1037,1070
1036,1069,1070
1037,1038,1070
1071,1070,1038
1038,1039,1071
1072,1071,1039
1039,1040,1072
1073,1072,1040
1040,1041,1074
1040,1073,1074
1041,1042,1074
1075,1074,1042
1042,1043,1075
1076,1075,1043
1043,1044,1077
1043,1076,1077
1044,1045,1078
1044,1077,1078
1045,1046,1078
1079,1078,1046
1046,1047,1080
1046,1079,1080
1047,1048,1081
1047,1080,1081
1048,1049,1081
1082,1081,1049
1049,1050,1082
1083,1082,1050
1050,1051,1083
1084,1083,1051
1051,1052,1085
1051,1084,1085
1052,1053,1086
1052,1085,1086
1053,1054,1086
1087,1086,1054
1054,1055,1087
1088,1087,1055
0,1,0,0,0,1,1,1,1,0,0,0,0,0,1,0,1,1,0,0,1,0,0,0,1,0,0,0,0,1,1,0,
0,1,1,0,1,0,0,1,1,0,1,1,1,1,0,1,1,0,0,1,1,1,0,1,1,1,0,1,1,0,1,0,
1,1,0,1,0,1,1,0,1,1,0,1,0,0,1,1,0,1,1,0,0,0,0,0,1,0,0,0,0,1,1,0,
0,1,1,1,1,0,0,0,1,0,0,1,0,0,1,1,0,0,1,1,0,1,0,0,0,1,0,1,1,0,1,1,
0,1,0,1,1,0,1,0,1,1,0,1,1,0,0,1,0,0,0,0,0,0,0,1,0,1,1,1,0,0,0,0,
0,1,0,1,1,1,1,1,1,0,0,0,1,1,1,0,0,0,1,1,1,0,0,0,1,1,0,1,1,1,0,1,
0,0,1,0,0,1,1,1,1,0,0,1,0,1,0,0,1,1,1,1,1,0,0,0,1,0,1,1,1,0,1,0,
0,0,0,0,1,1,1,0,0,0,1,0,1,1,1,1,1,1,1,1,0,1,0,1,0,1,1,1,1,1,0,0,
1,0,1,1,1,1,0,1,0,0,0,0,1,1,0,1,1,1,0,1,0,0,1,0,1,0,0,1,1,1,0,0,
1,0,1,1,1,0,1,0,1,0,1,0,1,1,0,0,1,1,1,0,0,0,1,0,1,1,0,1,1,1,0,1,
1,1,0,1,1,1,1,0,1,1,1,1,1,1,0,0,1,0,1,0,1,0,0,1,0,0,1,1,0,0,1,1,
0,0,1,1,0,1,1,1,1,0,0,1,0,0,0,0,1,1,0,0,1,0,1,0,0,0,1,0,1,1,0,0,
1,0,1,0,0,0,1,0,0,0,1,0,1,0,1,1,1,0,1,1,1,0,0,1,0,0,0,1,1,0,0,1,
1,0,1,1,1,0,1,1,0,1,1,1,1,1,0,1,0,1,0,1,0,0,0,1,1,1,1,1,0,0,1,0,
0,0,1,1,0,0,1,1,1,1,1,1,0,1,1,1,0,1,0,1,0,1,0,1,1,1,1,1,1,1,0,1,
0,1,0,1,1,1,1,1,1,1,1,1,0,1,1,1,1,0,1,1,1,0,0,1,0,0,0,0,0,1,0,0,
1,1,1,0,0,1,0,1,0,1,0,0,1,1,0,1,0,0,0,0,0,0,0,0,1,0,1,1,1,0,0,1,
1,0,1,0,1,0,1,0,1,0,0,0,1,0,1,1,0,1,0,0,1,1,0,1,1,0,1,1,1,0,1,0,
0,1,0,1,0,0,1,1,0,1,1,0,0,0,1,0,1,0,1,0,1,0,0,1,0,1,0,1,1,0,1,0,
1,0,1,1,1,1,0,1,0,0,1,1,0,1,1,1,1,0,0,1,0,0,0,0,1,0,1,1,0,1,0,1,
1,1,1,0,0,1,0,1,1,0,0,1,0,0,1,0,0,1,1,0,0,1,0,1,0,0,1,1,1,0,0,0,
0,1,1,1,1,1,1,0,1,0,1,1,1,1,1,1,0,1,1,1,1,0,1,0,0,0,0,1,1,1,0,0,
0,0,0,0,1,0,1,1,0,1,0,0,1,1,1,0,0,1,0,1,1,1,0,1,1,0,1,0,0,1,1,0,
0,0,1,1,1,1,0,0,1,1,1,0,1,0,0,0,0,0,0,1,0,0,0,1,0,1,1,0,1,0,1,1,
1,0,1,1,1,1,0,1,1,1,1,0,1,0,1,1,0,1,1,0,0,1,1,0,0,0,0,0,1,1,1,1,
0,0,1,0,0,0,0,0,0,1,1,0,1,1,0,0,0,0,1,0,1,0,1,1,0,1,0,0,1,0,0,0,
0,0,0,0,1,1,1,0,0,1,0,0,0,1,0,0,1,0,0,0,0,0,1,0,0,1,0,0,0,0,0,1,
0,0,1,1,0,1,1,1,1,0,0,0,1,1,0,0,1,0,1,0,1,0,0,1,1,1,0,0,1,0,0,0,
0,0,1,0,0,1,1,0,0,0,1,0,0,1,0,1,0,1,1,1,1,1,1,0,0,1,0,1,0,0,0,0,
1,0,0,1,0,0,1,0,0,0,0,1,0,1,1,0,0,1,0,1,0,1,1,1,1,1,0,1,0,0,0,0,
1,1,0,1,0,0,1,1,0,0,1,0,1,0,0,1,0,1,0,0,0,0,0,0,1,1,1,1,1,0,0,0,
1,1,0,0,1,0,1,0,1,0,1,0,0,1,0,0,0,1,0,0,1,1,0,1,1,0,0,0,1,1,0,0,
0,1,2,3,4,5,6,7,8,9,10,11,12,13,14,15,16,17,18,19,20,21,22,23,24,25,26,27,28,29,30,31,32,
33,34,35,36,37,38,39,40,41,42,43,44,45,46,47,48,49,50,51,52,53,54,55,56,57,58,59,60,61,62,63,64,65,
66,67,68,69,70,71,72,73,74,75,76,77,78,79,80,81,82,83,84,85,86,87,88,89,90,91,92,93,94,95,96,97,98,
99,100,101,102,103,104,105,106,107,108,109,110,111,112,113,114,115,116,117,118,119,120,121,122,123,124,125,126,127,128,129,130,131,
132,133,134,135,136,137,138,139,140,141,142,143,144,145,146,147,148,149,150,151,152,153,154,155,156,157,158,159,160,161,162,163,164,
165,166,167,168,169,170,171,172,173,174,175,176,177,178,179,180,181,182,183,184,185,186,187,188,189,190,191,192,193,194,195,196,197,
198,199,200,201,202,203,204,205,206,207,208,209,210,211,212,213,214,215,216,217,218,219,220,221,222,223,224,225,226,227,228,229,230,
231,232,233,234,235,236,237,238,239,240,241,242,243,244,245,246,247,248,249,250,251,252,253,254,255,256,257,258,259,260,261,262,263,
264,265,266,267,268,269,270,271,272,273,274,275,276,277,278,279,280,281,282,283,284,285,286,287,288,289,290,291,292,293,294,295,296,
297,298,299,300,301,302,303,304,305,306,307,308,309,310,311,312,313,314,315,316,317,318,319,320,321,322,323,324,325,326,327,328,329,
330,331,332,333,334,335,336,337,338,339,340,341,342,343,344,345,346,347,348,349,350,351,352,353,354,355,356,357,358,359,360,361,362,
363,364,365,366,367,368,369,370,371,372,373,374,375,376,377,378,379,380,381,382,383,384,385,386,387,388,389,390,391,392,393,394,395,
396,397,398,399,400,401,402,403,404,405,406,407,408,409,410,411,412,413,414,415,416,417,418,419,420,421,422,423,424,425,426,427,428,
429,430,431,432,433,434,435,436,437,438,439,440,441,442,443,444,445,446,447,448,449,450,451,452,453,454,455,456,457,458,459,460,461,
462,463,464,465,466,467,468,469,470,471,472,473,474,475,476,477,478,479,480,481,482,483,484,485,486,487,488,489,490,491,492,493,494,
495,496,497,498,499,500,501,502,503,504,505,506,507,508,509,510,511,512,513,514,515,516,517,518,519,520,521,522,523,524,525,526,527,
528,529,530,531,532,533,534,535,536,537,538,539,540,541,542,543,544,545,546,547,548,549,550,551,552,553,554,555,556,557,558,559,560,
561,562,563,564,565,566,567,568,569,570,571,572,573,574,575,576,577,578,579,580,581,582,583,584,585,586,587,588,589,590,591,592,593,
594,595,596,597,598,599,600,601,602,603,604,605,606,607,608,609,610,611,612,613,614,615,616,617,618,619,620,621,622,623,624,625,626,
627,628,629,630,631,632,633,634,635,636,637,638,639,640,641,642,643,644,645,646,647,648,649,650,651,652,653,654,655,656,657,658,659,
660,661,662,663,664,665,666,667,668,669,670,671,672,673,674,675,676,677,678,679,680,681,682,683,684,685,686,687,688,689,690,691,692,
693,694,695,696,697,698,699,700,701,702,703,704,705,706,707,708,709,710,711,712,713,714,715,716,717,718,719,720,721,722,723,724,725,
726,727,728,729,730,731,732,733,734,735,736,737,738,739,740,741,742,743,744,745,746,747,748,749,750,751,752,753,754,755,756,757,758,
759,760,761,762,763,764,765,766,767,768,769,770,771,772,773,774,775,776,777,778,779,780,781,782,783,784,785,786,787,788,789,790,791,
792,793,794,795,796,797,798,799,800,801,802,803,804,805,806,807,808,809,810,811,812,813,814,815,816,817,818,819,820,821,822,823,824,
825,826,827,828,829,830,831,832,833,834,835,836,837,838,839,840,841,842,843,844,845,846,847,848,849,850,851,852,853,854,855,856,857,
858,859,860,861,862,863,864,865,866,867,868,869,870,871,872,873,874,875,876,877,878,879,880,881,882,883,884,885,886,887,888,889,890,
891,892,893,894,895,896,897,898,899,900,901,902,903,904,905,906,907,908,909,910,911,912,913,914,915,916,917,918,919,920,921,922,923,
924,925,926,927,928,929,930,931,932,933,934,935,936,937,938,939,940,941,942,943,944,945,946,947,948,949,950,951,952,953,954,955,956,
957,958,959,960,961,962,963,964,965,966,967,968,969,970,971,972,973,974,975,976,977,978,979,980,981,982,983,984,985,986,987,988,989,
990,991,992,993,994,995,996,997,998,999,1000,1001,1002,1003,1004,1005,1006,1007,1008,1009,1010,1011,1012,1013,1014,1015,1016,1017,1018,1019,1020,1021,1022,
1023,1024,1025,1026,1027,1028,1029,1030,1031,1032,1033,1034,1035,1036,1037,1038,1039,1040,1041,1042,1043,1044,1045,1046,1047,1048,1049,1050,1051,1052,1053,1054,1055,
1056,1057,1058,1059,1060,1061,1062,1063,1064,1065,1066,1067,1068,1069,1070,1071,1072,1073,1074,1075,1076,1077,1078,1079,1080,1081,1082,1083,1084,1085,1086,1087,1088,
