81,128,8,8
8.4,150.0
8.4,172.5
8.4,195.0
8.4,217.5
8.4,240.0
8.4,262.5
8.4,285.0
8.4,307.5
8.4,330.0
12.600000000000001,150.0
12.600000000000001,172.5
12.600000000000001,195.0
12.600000000000001,217.5
12.600000000000001,240.0
12.600000000000001,262.5
12.600000000000001,285.0
12.600000000000001,307.5
12.600000000000001,330.0
16.8,150.0
16.8,172.5
16.8,195.0
16.8,217.5
16.8,240.0
16.8,262.5
16.8,285.0
16.8,307.5
16.8,330.0
21.0,150.0
21.0,172.5
21.0,195.0
21.0,217.5
21.0,240.0
21.0,262.5
21.0,285.0
21.0,307.5
21.0,330.0
25.200000000000003,150.0
25.200000000000003,172.5
25.200000000000003,195.0
25.200000000000003,217.5
25.200000000000003,240.0
25.200000000000003,262.5
25.200000000000003,285.0
25.200000000000003,307.5
25.200000000000003,330.0
29.4,150.0
29.4,172.5
29.4,195.0
29.4,217.5
29.4,240.0
29.4,262.5
29.4,285.0
29.4,307.5
29.4,330.0
33.6,150.0
33.6,172.5
33.6,195.0
33.6,217.5
33.6,240.0
33.6,262.5
33.6,285.0
33.6,307.5
33.6,330.0
37.800000000000004,150.0
37.800000000000004,172.5
37.800000000000004,195.0
37.800000000000004,217.5
37.800000000000004,240.0
37.800000000000004,262.5
37.800000000000004,285.0
37.800000000000004,307.5
37.800000000000004,330.0
42.0,150.0
42.0,172.5
42.0,195.0
42.0,217.5
42.0,240.0
42.0,262.5
42.0,285.0
42.0,307.5
42.0,330.0
0,1,10
0,9,10
1,2,10
11,10,2
2,3,12
2,11,12
3,4,12
13,12,4
4,5,14
4,13,14
5,6,14
15,14,6
6,7,16
6,15,16
7,8,16
17,16,8
9,10,18
19,18,10
10,11,20
10,19,20
11,12,21
11,20,21
12,13,21
22,21,13
13,14,23
13,22,23
14,15,23
24,23,15
15,16,25
15,24,25
16,17,26
16,25,26
18,19,28
18,27,28
19,20,29
19,28,29
20,21,29
30,29,21
21,22,30
31,30,22
22,23,32
22,31,32
23,24,33
23,32,33
24,25,34
24,33,34
25,26,34
35,34,26
27,28,37
27,36,37
28,29,38
28,37,38
29,30,38
39,38,30
30,31,40
30,39,40
31,32,41
31,40,41
32,33,41
42,41,33
33,34,43
33,42,43
34,35,44
34,43,44
36,37,45
46,45,37
37,38,47
37,46,47
38,39,47
48,47,39
39,40,48
49,48,40
40,41,49
50,49,41
41,42,51
41,50,51
42,43,51
52,51,43
43,44,52
53,52,44
45,46,55
45,54,55
46,47,55
56,55,47
47,48,56
57,56,48
48,49,57
58,57,49
49,50,58
59,58,50
50,51,60
50,59,60
51,52,61
51,60,61
52,53,61
62,61,53
54,55,64
54,63,64
55,56,64
65,64,56
56,57,66
56,65,66
57,58,67
57,66,67
58,59,67
68,67,59
59,60,68
69,68,60
60,61,70
60,69,70
61,62,70
71,70,62
63,64,72
73,72,64
64,65,74
64,73,74
65,66,75
65,74,75
66,67,76
66,75,76
67,68,76
77,76,68
68,69,77
78,77,69
69,70,78
79,78,70
70,71,80
70,79,80
1,0,1,0,1,0,1,0,
0,1,1,0,1,0,1,1,
1,1,0,0,1,1,1,0,
1,1,0,1,1,0,1,1,
0,1,0,0,0,1,0,0,
1,0,0,0,0,1,1,0,
1,0,1,1,0,0,1,0,
0,1,1,1,0,0,0,1,
0,1,2,3,4,5,6,7,8,
9,10,11,12,13,14,15,16,17,
18,19,20,21,22,23,24,25,26,
27,28,29,30,31,32,33,34,35,
36,37,38,39,40,41,42,43,44,
45,46,47,48,49,50,51,52,53,
54,55,56,57,58,59,60,61,62,
63,64,65,66,67,68,69,70,71,
72,73,74,75,76,77,78,79,80,
