78,126
0.821185197206169,0.1099540966243847
0.6828730856016649,0.6394427822167057
0.3736759147438875,0.11873502844420569
0.2676652319601257,0.29097949005526696
0.21266540409117196,0.5491730413169661
0.16894335878457528,0.5348751356123741
0.5225156971353415,0.7297912461545681
0.7759572058953507,0.48247399641195954
0.18537991659147546,0.11735867659495974
0.6393405352064258,0.12208929511741191
0.42365077259283623,0.6678056419103126
0.5209060941431836,0.4254484435148035
0.5702015452891006,0.35971083653210856
0.30021669120156025,0.4362543164941667
0.554135916442187,0.4426329335792799
0.560190624071687,0.22455052169977174
0.4184804157790595,0.14103585090607673
0.10925394806538309,0.24891327888328985
0.3719917466903,0.7299459169044832
0.5408129737475673,0.22280745580902758
0.56422825817148,0.5083525370218424
0.49063805021465656,0.5135500160058187
0.5849756735245734,0.493254724587484
0.4713868438695531,0.4139656867840039
0.3433403380778103,0.428508340110917
0.3719165729841648,0.8179375139123802
0.5554778729185638,0.4848343652914434
0.2392293673535682,0.7530011117408094
0.19213973388463465,0.1861489072657519
0.8066244763407082,0.6019511858038602
0.37136528751447817,0.8649480408344863
0.6842982440605199,0.6485042883421148
0.7308837783197257,0.7603641567192899
0.7801794448896272,0.22117763984314964
0.7970429774067012,0.5918674213574467
0.2454671555960231,0.30358609015081395
0.5114624170020854,0.8052913011402466
0.6364178878619444,0.634506942457179
0.6561485993607079,0.41490898755268213
0.336558606104014,0.5285880386454452
0.8663911099628541,0.20453373725347535
0.6859835826529964,0.21378583859619082
0.6949428810135972,0.8602636364830443
0.1002608257149972,0.6441118283123093
0.7064514677215515,0.6237303450555978
0.3045764987446143,0.44896543047735793
0.7456045460982647,0.5197040187746658
0.1170518042670973,0.6925613507212278
0.2307434557505011,0.8086402174105463
0.7544874715258559,0.22771751309840066
0.0,0.0
0.0,1.0
1.0,0.0
1.0,1.0
0.19560397242943472,0.0
0.8259558237078626,0.0
0.23872530224215394,0.0
0.2631574691261086,0.0
0.5724185938508761,1.0
0.7034110103480101,1.0
0.768076973356785,0.0
0.27940066293629373,0.0
0.29241062052636035,0.0
0.1768997082261229,1.0
0.0004904511463367234,1.0
0.36981808964047813,1.0
1.0,0.6173241579305332
0.0,0.775895284943544
0.0,0.37340930713817044
1.0,0.058903407217525405
1.0,0.1906969531279865
1.0,0.47237753665662396
0.0,0.5900630032391747
0.0,0.04481711329060267
0.0,0.5724576846656056
0.0,0.6445102679087531
0.0,0.364206437319217
0.0,0.4461441474272496
67,64,51
63,64,67
28,3,35
17,8,28
17,28,35
40,70,71
23,3,16
3,23,24
24,23,21
7,40,71
59,42,53
42,59,58
36,42,58
18,36,25
3,2,16
2,3,28
8,2,28
2,62,16
48,67,47
48,63,67
43,75,72
67,75,47
75,43,47
13,5,35
3,13,35
13,3,24
5,74,77
74,43,72
74,5,43
27,48,47
27,18,25
48,27,25
60,9,62
62,9,16
40,69,70
69,55,52
7,38,49
38,41,49
41,38,12
33,7,49
7,33,40
66,29,71
29,7,71
65,30,58
30,36,58
36,30,25
30,48,25
30,65,63
48,30,63
39,10,18
39,24,21
10,39,21
54,56,8
76,73,17
17,73,8
54,73,50
73,54,8
68,17,35
68,76,17
5,68,35
68,5,77
9,19,16
19,23,16
23,19,12
0,69,40
69,0,55
33,0,40
55,0,60
0,9,60
0,33,49
41,0,49
9,0,41
23,11,21
11,23,12
32,29,66
32,66,53
42,32,53
27,4,18
4,39,18
4,27,47
13,4,5
43,4,47
5,4,43
56,57,8
15,9,41
15,19,9
15,41,12
19,15,12
46,38,7
46,22,38
11,26,21
22,14,38
38,14,12
14,11,12
14,26,11
26,14,22
36,6,42
6,32,42
6,36,18
10,6,18
6,10,21
45,4,13
4,45,39
45,13,24
39,45,24
57,61,8
2,61,62
61,2,8
29,34,7
34,46,7
6,37,32
37,6,21
34,44,46
46,44,22
44,37,22
32,44,29
44,34,29
20,37,21
37,20,22
26,20,21
20,26,22
37,31,32
31,44,32
44,1,37
1,31,37
31,1,44
