78,126
0.36533148751155264,0.4890091046613586
0.7784145212440376,0.2837197161258628
0.5094577801806643,0.6931358944627499
0.28324729863844056,0.4479070193203357
0.15078004862469196,0.4685770117928111
0.3439291906006455,0.19625027461642297
0.708603913758776,0.5983817354083015
0.7944395145229847,0.8179120884469234
0.8097271322542849,0.5633568337964272
0.8655955991015045,0.2839419956211586
0.7900047735667736,0.6073782782317881
0.12047009786526851,0.15596577134383838
0.46351755922987625,0.4784485753848181
0.6943114935212591,0.12056301210884462
0.4204704695451221,0.5289489611994469
0.18982258186519196,0.7100001111575075
0.31362926735115904,0.5768095886249301
0.5101234062855055,0.8884552612624784
0.5724220264210421,0.6553107295226277
0.1720889626479739,0.20793583938090185
0.3518389685554757,0.8979702245115496
0.12446049473752457,0.2220877535060092
0.5359917218178836,0.30361771542613947
0.44624293549864,0.4570191304211233
0.5689002625094374,0.39853353880044684
0.7366932855652174,0.7629335755268442
0.44022060454299283,0.4449261421683105
0.8151281649490043,0.5611339600444732
0.6230313132205221,0.3670669767002306
0.41230162199904175,0.6500089643855047
0.11648559023624926,0.31189572770816076
0.6571408523103033,0.4614234675381176
0.6772957151547014,0.7820900277905564
0.44903460194879985,0.17770752363305614
0.12859248279600913,0.3499291826537656
0.8092150547468633,0.858878877832242
0.5318838296443652,0.11967481185046065
0.46758393762178496,0.15231771020185736
0.20167995639539546,0.6945419589114712
0.6487273731818082,0.4481953993536192
0.45522276872956935,0.6849097258710383
0.7596352900456954,0.7222925183839435
0.44398447310690103,0.43946038340595184
0.18841144898806805,0.4635525913425447
0.47678423174613194,0.4754101813316969
0.1627979854985515,0.8764172479592761
0.2901310273839579,0.8474735456487241
0.44998312376106153,0.5833209617434961
0.24229991257692768,0.6230791232694689
0.7568030270900632,0.23628330315308804
0.0,0.0
0.0,1.0
1.0,0.0
1.0,1.0
0.18728792036018493,0.0
0.1964717779998697,1.0
0.2559787097624914,1.0
0.9829875796534036,0.0
0.37457049224538597,0.0
0.7563072632055847,0.0
0.1911814508433406,1.0
0.5496988093947138,0.0
0.8966967909080813,0.0
0.4118534870245739,1.0
0.1476579810781633,0.0
0.19408066354125497,0.0
1.0,0.6828871156646464
1.0,0.5012990154123844
1.0,0.9441102112231542
0.0,0.15326985740706456
1.0,0.9385897575619391
1.0,0.9194464143444896
0.0,0.8731548791102205
1.0,0.8195444117801048
0.0,0.6580922894211463
0.0,0.2840479969668499
0.0,0.8841070106288267
1.0,0.6062224518035185
75,4,74
4,75,34
29,46,38
67,9,52
58,5,65
36,58,61
48,38,74
4,48,74
48,29,38
63,20,17
62,9,49
27,9,67
73,7,66
7,41,66
11,69,50
59,13,61
13,36,61
62,13,59
13,62,49
58,37,5
37,58,36
20,56,46
56,20,63
46,15,38
15,72,74
38,15,74
9,57,52
62,57,9
9,1,49
27,1,9
1,27,31
22,13,49
13,22,36
22,37,36
31,18,44
77,27,67
41,10,66
10,77,66
77,10,27
35,7,73
63,35,53
35,63,17
7,25,41
64,11,50
69,21,75
11,21,69
48,16,29
14,16,0
56,45,46
45,15,46
15,45,72
1,28,49
28,22,49
37,33,5
33,22,5
22,33,37
22,42,5
6,10,41
6,18,31
71,35,73
25,32,41
32,6,41
6,32,18
32,2,18
2,32,17
32,35,17
35,32,7
32,25,7
11,54,65
64,54,11
75,30,34
21,30,75
2,47,18
16,47,29
47,16,14
18,47,44
47,12,44
12,47,14
16,3,0
42,3,5
76,45,51
45,76,72
45,60,51
39,1,31
39,28,1
39,31,44
23,14,0
23,12,14
12,23,44
23,42,44
10,8,27
6,8,10
27,8,31
8,6,31
35,68,53
19,30,21
19,21,11
30,19,34
5,19,65
19,11,65
19,3,34
3,19,5
47,40,29
40,47,2
40,46,29
40,20,46
20,40,17
40,2,17
43,16,48
43,3,16
43,48,4
43,4,34
3,43,34
55,45,56
55,60,45
24,39,44
39,24,28
28,24,22
42,24,44
24,42,22
26,23,0
23,26,42
3,26,0
26,3,42
71,70,35
70,68,35
