78,126
0.2624372598797269,0.8019580083466694
0.3623441940619023,0.5015394697253377
0.5368398446376337,0.8554038715817877
0.5092654087863608,0.14392796077773112
0.6658324674037635,0.3699015107825624
0.7723186314490572,0.5425399079552412
0.5976682914418159,0.7575376230962828
0.7767803137977697,0.42514814478964125
0.7189758319080232,0.13779507078503245
0.18317522130099811,0.300668882922436
0.7679723576419176,0.14208453507913443
0.5504335920821376,0.33535573379264827
0.8403459643064667,0.8528883147185936
0.4596300231022491,0.3865520023821879
0.5966365959266433,0.1446617543059138
0.19338364858161441,0.8294207817528473
0.7215548377451836,0.3373517688611398
0.17499502032103634,0.646634539119473
0.6143171731338649,0.3625303567248327
0.6163610296363904,0.7081905537727882
0.2449532490423959,0.13187457882975917
0.5402834553930957,0.20478231739317243
0.22211789906143792,0.2727951116178902
0.6959573720626592,0.7786447436417039
0.5472035170453682,0.8315779741294866
0.18222664574484418,0.7542958695518049
0.11157066800990761,0.3700178614359757
0.15966813925029993,0.8590694244870772
0.14803431769445155,0.26604978426886805
0.2543576032579903,0.7984450889116137
0.5609898796121183,0.22008337067607153
0.5708076176084509,0.19573660679298863
0.8175221669006038,0.7553309023184964
0.30476492679108225,0.8324751001948396
0.8101572502167809,0.13425039490362636
0.1011469603753727,0.6871411511755368
0.2772849571067426,0.5675025373942567
0.2667813455483925,0.8334735950595218
0.3325553873561889,0.5769104098573719
0.6303562526997248,0.30583146699889796
0.10102482635505733,0.12964636749153594
0.738457445329482,0.16782465835382004
0.6015429100637973,0.4733574976574525
0.7728108331010656,0.28199549754315356
0.6627929426471711,0.4320430531192295
0.8625083746662695,0.10534522013776267
0.4429548663846924,0.38274502138166044
0.7218421447624779,0.4473162200385401
0.7880407816346758,0.2890032906198002
0.6924412125701302,0.7868315196356636
0.0,0.0
0.0,1.0
1.0,0.0
1.0,1.0
0.0418990747534127,1.0
0.37634626866894716,0.0
0.6266007040203081,1.0
0.555742020394185,1.0
0.9255618824644221,0.0
0.9102341830043208,1.0
0.607938517380538,0.0
0.17203397249096652,0.0
0.9182816605776677,1.0
0.09193868763759117,0.0
0.9303323453396353,1.0
0.8114029302937883,0.0
1.0,0.7977948016410864
1.0,0.10717479283473497
0.0,0.016488172899377096
0.0,0.8636033026340517
1.0,0.8201339642675061
1.0,0.8398366004565466
0.0,0.6058084079659039
0.0,0.1905533912998696
0.0,0.9745530465601469
1.0,0.29333758255225095
1.0,0.3034035179198419
0.0,0.34589841182311376
5,19,42
72,77,26
67,58,52
14,3,60
55,20,61
20,55,3
3,55,60
40,63,61
20,40,61
5,7,76
73,28,77
77,28,26
40,28,73
28,40,20
8,14,60
14,8,41
65,8,60
11,13,46
13,11,42
45,65,58
67,45,58
75,45,67
68,40,73
63,68,50
40,68,63
47,5,42
47,7,5
5,23,19
32,23,5
64,71,53
22,28,20
46,22,3
22,20,3
8,10,41
10,8,65
2,56,57
23,6,19
2,49,56
49,2,24
6,49,24
49,6,23
49,23,32
66,5,76
66,32,5
35,69,72
38,6,24
6,38,19
19,38,42
28,9,26
22,9,28
14,31,3
31,14,41
45,34,65
34,10,65
33,2,57
54,33,57
33,54,37
33,37,0
2,33,24
38,33,0
33,38,24
44,47,42
44,4,47
10,43,41
34,43,10
30,39,11
43,39,41
39,31,41
31,39,30
47,16,7
4,16,47
39,16,4
16,39,43
56,12,59
49,12,56
12,49,32
12,62,59
66,12,32
62,12,64
12,71,64
35,27,69
54,27,37
27,54,69
17,35,72
17,72,26
36,17,26
38,17,36
74,54,51
54,74,69
1,22,46
1,9,22
1,38,36
1,36,26
9,1,26
13,1,46
1,13,42
38,1,42
31,21,3
21,31,30
21,46,3
21,11,46
21,30,11
7,48,76
48,75,76
16,48,7
48,16,43
48,43,34
48,45,75
48,34,45
39,18,11
18,39,4
11,18,42
18,44,42
44,18,4
12,70,71
70,12,66
25,27,35
17,25,35
25,15,27
27,15,37
29,25,17
29,38,0
29,17,38
29,15,25
37,29,0
15,29,37
