78,126
0.8640971702215168,0.12428390374297688
0.43738029685431534,0.4260365080045483
0.1521315565940168,0.2519777541493909
0.4509606529366076,0.7289376891012512
0.6304036373251856,0.26820423496903195
0.6282876683321791,0.535666930425293
0.8491512663756992,0.7524677020481755
0.5181302076362895,0.7919198778746099
0.7456828916569738,0.8989358477768714
0.18419516221332338,0.7887616570103645
0.12298152437306227,0.6299755588988054
0.42174906978783955,0.5783622745001434
0.18989787459131638,0.6193199063497341
0.813380289589943,0.6136505623152045
0.4516802275343814,0.46751852181856157
0.16898600476412265,0.46880363128009417
0.6735969918321604,0.4471235465351967
0.21412259010756227,0.6059946498810234
0.5530980508181851,0.4451579364561614
0.11073934862857221,0.279157557700096
0.29181538091568493,0.3431842720107021
0.28200642613180166,0.22005922270854034
0.627611160232258,0.36858921581320503
0.4877962912720528,0.11654093869707696
0.6217146330406477,0.19174031159121663
0.826763219047395,0.23069582019935045
0.514751601298153,0.2630245307573972
0.7028130538968511,0.780182960502353
0.29487319898280406,0.6006216380508971
0.8345108123096375,0.28395384292409953
0.7945738931702805,0.6967745131311371
0.3565691678809141,0.7503370026853312
0.2990996629423459,0.5628806647409849
0.2589272435953043,0.894547186927483
0.21618743424628548,0.28363350737303406
0.7050969671734391,0.15775481893853743
0.5112591195059497,0.518707363602544
0.2818223948304839,0.15523711137249468
0.7477653272433481,0.6370169251010764
0.7988671195088121,0.5281297702092397
0.6999603116396271,0.4909951662643737
0.2858882333233764,0.5177639382901025
0.4573975543816511,0.2820244093291849
0.7774066223693982,0.5892251970857781
0.21869280021448356,0.16294508780386668
0.5578642240292062,0.12167870467600449
0.5449636533999046,0.16746967849411265
0.5316408421208556,0.688846433214995
0.8817058271378015,0.3434108074281087
0.4175170697091296,0.21214775903754524
0.0,0.0
0.0,1.0
1.0,0.0
1.0,1.0
0.22675420010509206,1.0
0.9899798335670759,1.0
0.5023750834558168,1.0
0.4931297541065034,1.0
0.6095787515926845,0.0
0.22079074246409858,0.0
0.762335966229771,0.0
0.8439096492590275,1.0
0.42496248494666455,0.0
0.434163541095124,1.0
0.6597896005108523,0.0
0.30961877804398197,1.0
1.0,0.12671664407813887
1.0,0.5761938921694082
0.0,0.6557055167808843
1.0,0.77777085344654
0.0,0.1215114617801315
1.0,0.6634888676815934
1.0,0.4501355491475867
0.0,0.09817533063089179
1.0,0.13834207689321343
1.0,0.3752424755480098
1.0,0.47373451778480236
0.0,0.752553455457377
58,23,62
23,37,62
5,47,36
0,60,52
18,1,42
26,18,42
18,26,22
18,5,36
59,73,50
37,59,62
70,19,68
19,15,68
1,20,42
8,61,56
7,8,56
7,3,47
3,7,31
15,10,68
12,10,15
20,41,15
41,20,1
7,63,31
23,45,46
45,23,58
64,45,58
55,69,53
69,55,61
0,74,25
16,18,22
18,16,5
73,44,70
59,44,73
44,59,37
21,44,37
39,13,43
6,69,61
8,6,61
6,71,69
6,13,71
27,7,47
27,8,7
27,6,8
9,54,51
9,10,12
17,12,15
41,17,15
9,17,31
17,9,12
14,41,1
14,18,36
18,14,1
11,3,31
47,11,36
3,11,47
11,14,36
14,11,41
57,7,56
57,63,7
35,45,64
35,64,60
0,35,60
35,0,25
66,0,52
66,74,0
16,40,5
5,40,43
40,39,43
2,19,70
44,2,70
20,49,42
21,49,20
49,21,37
23,49,37
49,26,42
26,49,46
49,23,46
13,67,71
67,39,76
67,13,39
5,38,47
38,27,47
38,5,43
13,38,43
77,9,51
10,77,68
9,77,10
33,65,54
9,33,54
33,9,31
33,63,65
63,33,31
17,28,31
28,11,31
45,24,46
35,24,45
24,26,46
75,48,74
40,48,39
48,40,16
21,34,44
34,2,44
34,21,20
2,34,19
19,34,15
34,20,15
6,30,13
30,38,13
27,30,6
38,30,27
11,32,41
28,32,11
32,17,41
32,28,17
26,4,22
24,4,26
4,24,35
4,35,25
74,29,25
48,29,74
4,29,22
29,4,25
29,16,22
29,48,16
72,48,75
39,72,76
48,72,39
