78,126
0.5244584046045865,0.29335165439443245
0.2215169734334415,0.1198882430993483
0.46882439536981313,0.5898323998658167
0.49107538386721306,0.4228074285471378
0.8273696326323025,0.29476801988376466
0.7066053767602621,0.665591874146958
0.8180548277030691,0.5951218931462788
0.743626191890045,0.2804166678971659
0.7162034374569373,0.6988653357999135
0.5488106304945759,0.7566460452500344
0.3658850949291188,0.4568754740679003
0.4402050157316886,0.3340459697225325
0.31761642787767236,0.869790977153432
0.3064313369259508,0.5665968839541178
0.10104201442323452,0.67604795236132
0.46936475883713213,0.6298942359115183
0.4369815186533347,0.726855848403936
0.20548229149628902,0.8841023037579465
0.6021562726300498,0.7696438034806823
0.7362135355672493,0.3525784165244866
0.8436675597034137,0.21028078885482532
0.25951006142994737,0.7642963850199648
0.8147861835438447,0.6397074285865327
0.6863334880542866,0.5977598023346941
0.7004693890903437,0.3891329998910432
0.5692306509798859,0.19633037806391185
0.8158535643515341,0.4364409012033116
0.8109060482128099,0.5456597196286235
0.49726737800511855,0.5475318614799682
0.6768160894537657,0.38748018905714365
0.3134333820205819,0.5722916041032796
0.16238795648961377,0.20382819262993196
0.17984443227699282,0.2578092651456727
0.7089099838249365,0.8383160381725995
0.5906250050645236,0.7280556643178991
0.44395530671246763,0.504423980083592
0.6620907350047806,0.7942256422326053
0.5684089555711926,0.5125606014098324
0.8753603306599627,0.21302443929847925
0.3552138511441024,0.19359688929531382
0.8308230905359174,0.4219179194012864
0.19127472099150566,0.2823303058814789
0.8894837987962093,0.26360012100650054
0.28545927111462277,0.23175888428653046
0.7232227102624778,0.8744815947491701
0.24255082584349807,0.23019612477081025
0.8192984339767296,0.3029050181222108
0.8706527466111703,0.8329991881963724
0.7525203621692084,0.42183798322862076
0.8092641553718561,0.6824359007913854
0.0,0.0
0.0,1.0
1.0,0.0
1.0,1.0
0.22549996852747,1.0
0.8379051477527518,0.0
0.9986140971263142,1.0
0.2080327761014944,1.0
0.8129102361660975,0.0
0.9651626298904997,0.0
0.7061543027407909,0.0
0.11485947935736451,0.0
0.5594490480833111,0.0
0.12895529457776367,0.0
0.8897115682668651,0.0
0.2057739002278326,1.0
1.0,0.43398382660256507
1.0,0.2112654599488435
0.0,0.37403532132493567
1.0,0.4648703235929872
0.0,0.6780667220701623
1.0,0.284425682848906
1.0,0.9855597332229341
0.0,0.7089368329704735
1.0,0.18738669578662615
1.0,0.1376052915348811
1.0,0.7486462528282586
0.0,0.9942489135265015
54,17,12
16,9,12
76,6,69
1,63,62
17,21,12
21,16,12
44,54,12
9,44,12
65,77,17
77,65,51
10,41,43
39,1,62
1,39,43
0,25,7
60,25,62
25,60,7
25,39,62
39,25,0
41,45,43
45,1,43
31,68,50
45,31,1
77,73,17
22,23,6
22,6,76
46,19,7
57,17,54
57,65,17
21,30,16
35,30,10
11,39,0
11,10,43
39,11,43
75,59,52
59,75,64
61,31,50
1,61,63
31,61,1
32,41,68
31,32,68
32,45,41
32,31,45
14,21,17
73,14,17
72,47,76
33,47,44
47,49,76
49,22,76
33,49,47
23,27,6
48,27,23
6,27,69
37,34,28
34,37,23
2,35,28
2,30,35
75,38,64
13,30,21
14,13,21
13,14,68
41,13,68
10,13,41
30,13,10
14,70,68
70,14,73
56,72,53
72,56,47
47,56,44
44,56,54
34,18,9
18,44,9
22,5,23
49,5,22
5,34,23
29,48,23
37,29,23
29,0,7
19,29,7
30,15,16
2,15,30
16,15,9
15,34,9
34,15,28
15,2,28
38,74,67
74,38,75
36,18,34
36,33,44
18,36,44
66,42,71
71,42,67
42,38,67
26,27,48
48,24,19
24,29,19
29,24,48
29,3,0
3,29,37
3,11,0
3,35,10
11,3,10
35,3,28
3,37,28
20,55,64
38,20,64
55,20,58
58,20,60
60,20,7
42,20,38
8,5,49
8,49,33
36,8,33
5,8,34
8,36,34
4,20,42
4,46,7
20,4,7
40,42,66
40,66,69
40,4,42
27,40,69
26,40,27
4,40,46
46,40,19
40,48,19
40,26,48
