78,126
0.4385329834255066,0.7446003205143874
0.4711068979361651,0.7747209483938866
0.868887876287197,0.1047260263123726
0.3140236588838066,0.47672962091373516
0.2721837648814046,0.4838285413393012
0.8710391675734929,0.788669620799134
0.8772509579831853,0.19496280084802065
0.35469944785271945,0.8605105442550264
0.37137296114043095,0.4043109107066528
0.6393546102221935,0.40935754355215603
0.3001676861010541,0.8879575634638662
0.38098537776909613,0.5365684657437008
0.6462813723965302,0.48609571532515794
0.6414542268233512,0.37884680923356995
0.6934867809344781,0.7944967518641937
0.4599501458666322,0.48728886160548357
0.16855251042392905,0.5575059175264931
0.4931895077028551,0.39396396718652404
0.6729414423130347,0.13826306274308628
0.47391301973001043,0.6666151733060558
0.7158878648173284,0.8475429418337644
0.5454911245135613,0.20115317536253363
0.8784656988968232,0.13182432786763576
0.1467789486434124,0.6687788975587259
0.19485222833257848,0.2758095534523297
0.8920541497535527,0.20728261302394557
0.7589467657454436,0.6653303753415449
0.48809077367978493,0.5037672243790211
0.8923400484693836,0.13081416723164319
0.4942011987083411,0.7447600433759314
0.6935942138031563,0.23222187234123767
0.3297400153377551,0.18467899925451647
0.8155255223900165,0.450843061163237
0.6297403643168978,0.568357766438858
0.36612522519191837,0.5561849211728173
0.4392126305193861,0.5572542341059153
0.45878160477391394,0.7095723585816717
0.34567451698934193,0.2633512585784167
0.21351792563142738,0.7822549162930811
0.8588618843692715,0.24511317631730983
0.43086078620191215,0.605370220122004
0.7683916887311406,0.10306115602941342
0.5809928603315095,0.24149507628477487
0.8969271830898485,0.18013308228281835
0.2194698322304551,0.530109817804425
0.5927247329112653,0.5695164734644986
0.3355788380172047,0.6272089026781322
0.3212215797101785,0.8758965716376411
0.6656534213879219,0.1828880707010443
0.2943534822687467,0.5748407256355403
0.0,0.0
0.0,1.0
1.0,0.0
1.0,1.0
0.6447396345856583,1.0
0.2983182988067766,1.0
0.9642432236337976,1.0
0.11153389587278628,1.0
0.590780173342048,0.0
0.20219091396343913,0.0
0.31518141097637253,1.0
0.10939872682842389,1.0
0.7308241457166688,1.0
0.2380126339311074,1.0
0.36933596824007164,0.0
0.3631651784543236,0.0
1.0,0.08815573080712946
1.0,0.5643229170207781
0.0,0.6079133280026031
1.0,0.37070761037217226
1.0,0.6695800901434572
1.0,0.9584903906708083
0.0,0.25597624907697036
0.0,0.850028546967684
0.0,0.8001291907970853
0.0,0.8967149944370619
0.0,0.6198939693698421
1.0,0.1631338781904984
72,16,68
16,23,68
41,58,52
32,69,67
69,32,39
59,72,50
23,76,68
74,76,23
24,16,72
59,24,72
24,59,31
70,26,67
26,32,67
38,74,23
75,38,57
2,41,52
2,22,41
30,41,39
32,30,39
26,12,32
5,26,70
59,65,31
65,64,31
75,61,51
61,75,57
38,63,57
38,73,74
73,38,75
7,38,0
1,7,0
60,7,54
7,1,54
16,49,23
66,2,52
25,77,69
25,69,39
30,48,41
48,30,42
30,13,42
13,17,42
13,30,32
5,56,62
20,5,62
20,62,54
10,63,38
10,55,63
55,10,60
12,45,27
46,38,23
49,46,23
38,46,0
40,46,34
46,49,34
44,49,16
24,44,16
2,28,22
66,28,2
28,66,77
6,25,39
41,6,39
22,6,41
21,48,42
21,64,58
64,21,31
17,21,42
15,17,27
17,15,8
15,11,8
37,17,8
37,24,31
37,8,24
21,37,31
37,21,17
13,9,17
9,12,27
17,9,27
12,9,32
9,13,32
35,40,34
11,35,34
15,35,11
35,15,27
45,35,27
56,71,53
71,56,5
71,5,70
5,14,26
20,14,5
1,14,54
14,20,54
7,47,38
47,10,38
47,7,60
10,47,60
33,12,26
33,45,12
14,33,26
33,14,45
46,36,0
36,46,40
49,3,34
3,11,34
11,3,8
25,43,77
43,28,77
6,43,25
28,43,22
43,6,22
18,21,58
21,18,48
41,18,58
48,18,41
14,29,45
29,14,1
29,1,0
36,29,0
44,4,49
4,3,49
4,44,24
8,4,24
3,4,8
29,19,45
19,29,36
19,36,40
35,19,40
19,35,45
