78,126
0.104776579228961,0.4025504454572819
0.8159636854277699,0.8852421937372477
0.7288484425421629,0.4279218442454028
0.814295683120679,0.2038625613812374
0.1364022352465984,0.631508758312054
0.6004394196318733,0.1379683355620566
0.8537979287526684,0.23889957594830413
0.7366900173480889,0.15335732534020777
0.5840617297070432,0.8309775032295165
0.3197392942049293,0.7860618409957354
0.3405033949235965,0.7626020319695023
0.13692559806770604,0.419647838323139
0.3746282847133223,0.8146076719453171
0.7146829524843634,0.11036076177176862
0.8141861604823448,0.6482871844632443
0.30269488648812315,0.2101386960963444
0.11761168541109468,0.6114718718762422
0.8165770853051766,0.3775788178529865
0.31608057791663,0.7200286202265292
0.3068732829445935,0.671361798344575
0.20141431798057471,0.13559246977307265
0.12036325722326424,0.12197391102329816
0.14431434072016602,0.6020065176745938
0.7855564912659333,0.6350283538590726
0.4830374159313471,0.4203545623184074
0.4116695043965002,0.579144291820165
0.8503794359930271,0.651957804762846
0.6148042823069909,0.28494016697881375
0.24179663573501806,0.5266359879032978
0.5816736204408117,0.4291537072958924
0.641514598106587,0.6446590540220236
0.24584375211479462,0.20970050646920457
0.45182823401736805,0.7721383273067169
0.291133049904447,0.26277068996065706
0.3977731846787601,0.26011688498354524
0.3596237541470204,0.28197993733700893
0.13687224012704358,0.8820978314599691
0.5511469687253502,0.4745448929792099
0.4417416652330338,0.4730874575110332
0.7007076433932877,0.38623699826224367
0.39399549900324327,0.6160339108714713
0.5120245964535276,0.4460356933203612
0.7108053469597825,0.6018353434152884
0.4986957926087444,0.8851765245514938
0.5863085904617701,0.8043352472860811
0.5681961013214086,0.16616421899982195
0.311621498614134,0.6479138999364294
0.11829174102371037,0.20045110239404462
0.7657901426626019,0.2855960265984939
0.6195924901888246,0.23436323224014535
0.0,0.0
0.0,1.0
1.0,0.0
1.0,1.0
0.05223106165642166,1.0
0.6837667259777929,1.0
0.5390032509503427,1.0
0.6263946281241819,0.0
0.3654069708501355,1.0
0.6404969893828707,1.0
0.950975909934636,1.0
0.5876390619890917,1.0
0.27132892308328005,0.0
0.5333624412259963,0.0
0.28910608531058957,1.0
0.5906756727941337,1.0
0.0,0.009238313395905973
0.0,0.10287436900799518
1.0,0.8992620215161384
1.0,0.055454036509839266
0.0,0.8233419519581093
1.0,0.20562200586767332
0.0,0.6930916262267689
0.0,0.19351570633637927
1.0,0.39524227545869317
1.0,0.9166040744751159
1.0,0.5355081849944333
1.0,0.23739697615335675
57,5,63
5,45,63
72,73,0
64,54,36
68,26,76
26,17,76
70,72,36
70,54,51
54,70,36
56,58,43
60,75,53
1,26,68
75,1,68
1,75,60
45,34,63
34,15,63
73,47,0
15,62,63
9,64,36
28,25,46
28,22,11
22,28,46
11,16,0
22,16,11
16,72,0
17,74,76
30,37,42
37,30,25
27,34,45
26,23,17
23,2,17
2,23,42
23,30,42
55,1,60
21,66,50
62,21,50
66,21,67
67,21,73
21,47,73
44,23,1
23,44,30
44,32,30
33,28,11
28,38,25
37,38,41
38,37,25
4,16,22
72,4,36
16,4,72
4,22,46
71,3,69
69,13,52
3,13,69
13,57,52
57,13,5
29,2,42
37,29,42
29,37,41
49,45,5
49,27,45
49,48,27
1,14,26
14,23,26
23,14,1
21,20,47
20,62,15
20,21,62
30,40,25
32,40,30
25,40,46
10,40,32
12,32,43
58,12,43
10,12,9
12,10,32
12,58,64
9,12,64
38,24,41
27,24,34
24,29,41
29,24,27
34,35,15
35,33,15
24,35,34
35,24,38
33,35,28
35,38,28
6,71,77
71,6,3
74,6,77
6,74,17
48,6,17
6,48,3
29,39,2
39,29,27
48,39,27
2,39,17
39,48,17
7,48,49
13,7,5
7,49,5
7,13,3
48,7,3
20,31,47
31,33,11
33,31,15
31,20,15
31,11,0
47,31,0
55,8,1
8,44,1
32,8,43
8,32,44
61,56,43
8,61,43
61,8,65
18,10,9
18,40,10
18,9,36
4,18,36
59,8,55
8,59,65
19,4,46
19,18,4
40,19,46
18,19,40
