78,126
0.17159904673243542,0.299041697259264
0.8153359605753399,0.25017803415812034
0.5081968605228897,0.2548341244836337
0.5941328063802042,0.169011400926936
0.5047952800178092,0.1888363787044731
0.5481862849280972,0.8454137811166074
0.7768258158118684,0.50238117967065
0.8112771971574121,0.12553098331243717
0.49903839476464573,0.5089113070503982
0.6197016274471001,0.39585415718110195
0.6859730431092308,0.7029874318528525
0.4068133392858906,0.5419573764541753
0.45756633410746583,0.6651660733397894
0.8768974595395971,0.18075359317163403
0.5910294161181038,0.3919516413496543
0.5558788111808967,0.3486713803233904
0.21874727569868568,0.8187973707720583
0.6430687845039287,0.8103205686318764
0.5172734146644477,0.5576654086705849
0.5484395845444202,0.7614341309812591
0.5718126882519367,0.7244219031294666
0.7802909622639401,0.3949719216475013
0.30469847593028265,0.4577614366663544
0.13985778940959542,0.3696023830441413
0.888513334968906,0.1717071424218381
0.1087053977440406,0.25362478630087093
0.34866749649371565,0.17578303930955752
0.7146725769139087,0.5628334943654444
0.8857889823490385,0.18413065321346933
0.8832491208979502,0.12749320805940087
0.31871551653385877,0.2910514240276064
0.5432518495309021,0.7220977925190689
0.3875038862898864,0.8256559388968573
0.5249144364979695,0.7850638646095488
0.5744249994090947,0.5122819685979176
0.8996836323738485,0.3434069335034929
0.6715733116545588,0.797055390175424
0.6618158448951171,0.8839113890055276
0.6488533547797668,0.8462011414682976
0.43076087442496047,0.3849452686165099
0.4719549800379196,0.7309615435632345
0.5969717958622279,0.8522606076058437
0.5231256221335531,0.20657918361922195
0.744757669278896,0.7561747356457048
0.325222022889151,0.7711735937368202
0.7520245271443206,0.7870929262282036
0.11518441088777963,0.6851526446798852
0.10241995003308091,0.3709497382084035
0.1116809238880082,0.7286520594731561
0.5807376001216138,0.456093786968768
0.0,0.0
0.0,1.0
1.0,0.0
1.0,1.0
0.25839394612340616,1.0
0.8907503119562981,0.0
0.2146622823575598,1.0
0.13277818261984664,0.0
0.1576783438332573,1.0
0.5539610002283374,1.0
0.6923880466963003,1.0
0.18698348857361036,1.0
0.5568847510334503,1.0
0.7738099573563203,1.0
0.5683068476041456,0.0
0.18470343784860122,1.0
1.0,0.3620975808638449
0.0,0.3283607811606295
1.0,0.12340827639569563
1.0,0.473528078401119
1.0,0.6057915075505341
1.0,0.1820657413758653
0.0,0.3826651284312427
0.0,0.4347308396707573
0.0,0.31736266961900284
0.0,0.09924413981648084
1.0,0.7930032802996771
0.0,0.04239960533843112
73,48,51
63,76,53
46,48,73
23,46,73
48,58,51
44,46,11
55,7,64
6,35,69
70,6,69
12,44,11
11,39,8
4,26,64
4,2,26
47,23,73
26,57,64
25,57,26
57,25,75
75,25,74
25,47,74
68,55,52
35,66,69
66,35,71
35,21,1
21,35,6
21,9,1
9,21,6
18,11,8
18,12,11
0,25,26
47,0,23
25,0,47
22,39,11
46,22,11
23,22,46
0,22,23
15,39,2
3,15,2
3,7,1
9,3,1
15,3,9
7,3,64
3,4,64
72,47,73
16,58,48
46,16,48
44,16,46
61,16,56
32,16,44
54,32,59
16,54,56
54,16,32
57,77,50
77,57,75
24,68,71
34,18,8
63,45,76
37,45,63
45,37,36
34,10,18
22,30,39
30,22,0
30,0,26
2,30,26
39,30,2
4,42,2
42,3,2
3,42,4
47,67,74
72,67,47
16,65,58
65,16,61
68,29,55
24,29,68
55,29,7
35,28,71
28,24,71
28,35,1
49,34,8
39,49,8
15,49,39
60,37,63
32,5,59
43,70,76
45,43,76
43,45,36
10,43,36
27,10,34
49,27,34
27,43,10
27,9,6
27,49,9
70,27,6
43,27,70
28,13,24
29,13,7
13,29,24
7,13,1
13,28,1
14,15,9
49,14,9
14,49,15
60,62,37
5,62,59
37,38,36
33,5,32
62,41,37
41,62,5
41,38,37
40,33,32
12,40,44
40,32,44
31,40,12
18,31,12
38,17,36
41,17,38
33,19,5
19,41,5
19,17,41
40,19,33
31,19,40
19,20,17
20,10,36
17,20,36
20,19,31
10,20,18
20,31,18
