78,126
0.32277698480769923,0.5862341842621307
0.7126659352387901,0.4215698333127672
0.7283372790490769,0.8467855869167485
0.6992856696469911,0.6768702458252003
0.574037375299417,0.6155406630159055
0.8346637504298071,0.2129912440841827
0.7652907780659324,0.22037601142607804
0.24785143191290004,0.6843758575667491
0.4818743687917698,0.5169679200183523
0.6206681222858009,0.30750184800933966
0.5237708201362721,0.5943261481707759
0.712114356808746,0.7423446311928485
0.17297785053535242,0.16461600803285448
0.8336321047780355,0.726203916998807
0.7341438739633339,0.5811722219754444
0.5110384046615626,0.19105464469585165
0.8898730867467386,0.550544249720372
0.566021022497582,0.17924667070476277
0.16445316951381256,0.6765436269913521
0.22640372161483768,0.2579569617694245
0.1872022685724387,0.7359066304566378
0.4716165219816686,0.26816761909837517
0.2873400368277901,0.8053018583395761
0.7876776197209173,0.6918788090430062
0.78600343916532,0.139122370474424
0.8033462364945765,0.7124604079659105
0.7149369510455671,0.8584050684802136
0.4552670410736517,0.3138515754285576
0.29084808676540097,0.8945122384952645
0.39061477630217334,0.7200243266406066
0.3608736355578981,0.8207694491820223
0.35638613531996755,0.5898663764198061
0.11641594283601418,0.23687779712900411
0.29323096386227543,0.5420629390214916
0.2784095207774574,0.12490661981163154
0.5924710216427002,0.3403843500847732
0.3342488279068344,0.6175097787782791
0.11782232358642891,0.7860674871034722
0.2427037231420803,0.7989530793441798
0.6230933891765432,0.3201396466085476
0.5884138024888763,0.6255207750191865
0.5259848350973282,0.18765977240870974
0.32910184544820154,0.3983261950611978
0.45656898516859334,0.2966714273305877
0.1620173837100044,0.2632693271629245
0.739402993662373,0.34167769784490754
0.3302087572378337,0.5816503601595192
0.8497436763383729,0.23107414348355695
0.4741266626421453,0.77812749461486
0.6019877047397401,0.13727942348544506
0.0,0.0
0.0,1.0
1.0,0.0
1.0,1.0
0.952003303922416,0.0
0.4482178909440687,0.0
0.6193687007902953,1.0
0.14686213801942405,1.0
0.5604861198277113,0.0
0.9963259236736616,0.0
0.23871826813024477,1.0
0.8938204039708211,1.0
0.04306613676537918,1.0
0.7283768512234078,1.0
0.06100964108227247,0.0
0.7927656069115957,0.0
1.0,0.7853954247867055
1.0,0.6675381606922632
0.0,0.33908858509073725
1.0,0.1858378179298712
1.0,0.13949966844176542
0.0,0.43885542916467046
0.0,0.3048173806139117
1.0,0.858782978128989
1.0,0.1568909920436541
1.0,0.3110495175712139
1.0,0.5343098783948607
0.0,0.935886229638699
18,37,71
58,65,49
33,18,71
42,33,71
33,42,8
44,42,71
42,44,19
44,12,19
58,41,55
41,58,49
12,34,19
34,64,55
34,12,64
43,42,19
34,43,19
43,34,21
64,32,50
12,32,64
44,32,12
26,63,56
30,48,56
48,26,56
29,48,30
26,48,11
48,40,11
61,73,53
77,37,57
37,77,71
20,37,18
28,30,56
10,48,29
67,16,76
16,75,76
16,14,1
65,24,49
24,6,49
54,24,65
6,9,49
41,9,21
15,41,21
34,15,21
41,15,55
15,34,55
42,27,8
43,27,42
27,43,21
32,72,50
2,73,61
63,2,61
2,63,26
2,26,11
77,62,51
62,77,57
22,29,30
28,22,30
37,38,57
38,28,57
38,22,28
20,38,37
60,28,56
28,60,57
70,24,54
1,4,8
4,10,8
14,4,1
4,14,40
48,4,40
10,4,48
13,67,66
67,13,16
73,13,66
2,13,73
75,47,69
17,41,49
9,17,49
17,9,41
45,9,6
47,45,6
45,47,75
45,16,1
45,75,16
9,35,21
35,27,21
27,35,8
35,1,8
68,44,71
68,32,44
68,72,32
7,36,29
22,7,29
7,20,18
7,38,20
38,7,22
7,0,36
33,7,18
0,7,33
70,59,52
59,70,54
40,3,11
14,3,40
23,14,16
13,23,16
23,3,14
3,23,11
24,5,6
5,47,6
70,5,24
10,31,8
31,33,8
31,10,29
36,31,29
39,45,1
45,39,9
35,39,1
39,35,9
23,25,11
25,23,13
25,2,11
25,13,2
74,5,70
47,74,69
5,74,47
0,46,36
46,31,36
46,0,33
31,46,33
