78,126
0.11737189283639582,0.4374750888079728
0.40823525946143957,0.7886411820719934
0.5575440353326897,0.3776063276367657
0.39571211630296854,0.8980465330376356
0.8523064333992554,0.11194639305187258
0.7022425639645189,0.19764308768423267
0.8213417096335716,0.8490401150775518
0.6007602586539044,0.5172422273638696
0.41861798289766816,0.11390772053121134
0.598446893636025,0.5488141048750662
0.6242168953207111,0.2823974863229249
0.6077201524611154,0.22341651118038916
0.17745689855037022,0.8332374792972895
0.7149810034168259,0.5530122916721193
0.5158539159004604,0.369683884603204
0.26125553645217253,0.5112243056789662
0.12252601740250527,0.7933726732721672
0.8696641031677884,0.14097421366686158
0.3185152745309964,0.869529475900628
0.5949402681291699,0.38950283338383096
0.6669469231363726,0.10751587165780824
0.18174472565404054,0.820574654476505
0.1717924659391782,0.3036615156679989
0.425614492403925,0.3713924527010851
0.8397369139941956,0.4616798676412375
0.5042634114079275,0.4457798734624139
0.16765316915994558,0.4072343715302097
0.5047475477076419,0.16525464586909627
0.46982911657857906,0.1862695586105092
0.1907756622252281,0.6762138994125806
0.5080537488375981,0.2011189042346092
0.41459222050168265,0.6684386615945939
0.7504807993642368,0.6955232265773612
0.3682525017695971,0.7219326602807475
0.31725008329877546,0.5864532540945306
0.8443048966250578,0.411699646243713
0.4534989065833366,0.33205805167292735
0.7171206639169762,0.42929396872030934
0.1973790646503061,0.651299180854461
0.19707917566773558,0.6076881836917022
0.8514381983340288,0.6737507996545102
0.39125384063360524,0.17651628608224287
0.5314030419805394,0.8544364453414812
0.8292647761466175,0.8095222658133822
0.25749200534464134,0.7589389630674235
0.24138534147955693,0.5232362136268901
0.18169649611124472,0.4794355746968598
0.8475672301302674,0.6727358529779278
0.7251985224300744,0.19795150322309746
0.6313698890745764,0.8898403459929188
0.0,0.0
0.0,1.0
1.0,0.0
1.0,1.0
0.9114933003733133,0.0
0.27878749709752493,0.0
0.3786055177771136,1.0
0.8011384328986638,1.0
0.9800515048928179,1.0
0.6817486047728117,1.0
0.11788594942803243,1.0
0.8578383625606182,0.0
0.5344208223768345,0.0
0.06974700602989137,1.0
0.7345617771631435,0.0
0.048781194758684365,0.0
0.0,0.15552196626711323
1.0,0.5244141829159431
0.0,0.3838303094759391
0.0,0.37558240093300477
1.0,0.712087385607676
1.0,0.4851864896436261
0.0,0.8091286575150948
1.0,0.2402365049874916
1.0,0.775136643899681
0.0,0.13266862432613025
1.0,0.5246437540139355
1.0,0.6389975468758557
64,20,62
20,27,62
59,56,42
9,31,25
9,32,42
31,9,42
22,55,41
23,22,41
23,14,25
27,8,62
8,55,62
55,8,41
1,31,42
32,49,42
49,59,42
58,74,53
7,9,25
9,13,32
24,13,37
13,7,37
7,13,9
69,0,68
0,69,22
39,0,46
0,72,68
0,39,72
75,55,22
19,10,37
7,19,37
19,7,25
11,27,20
23,36,14
36,23,41
72,63,51
63,72,16
59,6,57
49,6,59
6,58,57
6,74,58
40,77,70
74,40,70
40,76,77
76,40,24
35,73,71
24,35,71
35,24,37
17,54,52
73,17,52
35,17,73
39,34,38
31,34,25
34,23,25
34,44,38
26,0,22
0,26,46
23,26,22
65,75,50
75,65,55
69,66,22
66,75,22
10,2,14
19,2,10
14,2,25
2,19,25
30,10,14
30,11,10
36,30,14
11,30,27
56,3,42
3,1,42
44,29,38
72,29,16
29,39,38
39,29,72
1,33,31
44,33,1
33,34,31
34,33,44
43,49,32
43,6,49
6,43,74
43,40,74
67,24,71
67,76,24
48,17,35
10,48,37
48,35,37
45,39,46
45,34,39
30,28,27
8,28,41
28,8,27
28,36,41
28,30,36
60,18,56
18,3,56
18,44,1
3,18,1
47,43,32
43,47,40
13,47,32
47,13,24
40,47,24
61,4,64
64,4,20
4,61,54
17,4,54
4,48,20
48,4,17
5,11,20
48,5,20
11,5,10
5,48,10
34,15,23
45,15,34
15,26,23
26,15,46
15,45,46
12,18,60
63,12,60
12,63,16
18,21,44
12,21,18
21,12,16
29,21,16
21,29,44
