115,188
0.8544948399764205,0.27380223843535645
0.6574929471887012,0.5316514820424261
0.7418216319140999,0.15800835053856954
0.17193253282475868,0.6471892874544867
0.6849252847487848,0.7317742364483202
0.3315076836258384,0.49080825822906304
0.10066306920225632,0.3303372621813046
0.37044157450164106,0.6511453315586067
0.7984655472115089,0.25254980233752333
0.10795596390781884,0.39332622169795195
0.8158475982200788,0.772499981224973
0.5281182473768989,0.5294426296036883
0.5297926653791286,0.5057584009360276
0.19678001469682496,0.2753269240882096
0.12640780529114998,0.8945013655585485
0.4777761142060447,0.4048606024980007
0.32603348282986283,0.1584421892202376
0.42098775819457446,0.8095133348278771
0.6702661145633696,0.5852538599532952
0.33324008022547985,0.7104065664027813
0.3917997753132003,0.12847076360851634
0.6463704114261641,0.5085590644363288
0.33685518293353167,0.7183733441321073
0.26889420859212687,0.49189222922051123
0.10650473951340392,0.8629437652736583
0.25132591152902484,0.2852392059304023
0.8901261074784534,0.791920727250115
0.6473443295081973,0.4979360532947005
0.14059021336615354,0.2585251508352818
0.38407070535931964,0.6499444629615475
0.2380511786262904,0.14751633944501955
0.7235409199825736,0.49503150087573533
0.6663774755344012,0.5335699912347186
0.3837781639045207,0.2653027757500877
0.3747142921110117,0.41527185360305696
0.8483558740606296,0.6686623558173731
0.26652619849143955,0.37183271277012186
0.36854940382828294,0.813193779970926
0.11379899853505125,0.8550796315082204
0.2978757103820632,0.4747141895070838
0.1062828941277318,0.8330903124520119
0.6997168437170143,0.6150717855190441
0.25322387916798805,0.22825336753931671
0.3446859243255802,0.391138390680981
0.16456947363830327,0.7981164634787029
0.5130721593765329,0.1968383044169146
0.42291114342715996,0.4904882862993055
0.5297558199710588,0.6086143825705148
0.7549563631969225,0.7113581336294098
0.6224353071596639,0.7084352290505177
0.6590731635188821,0.8207515968896083
0.7978337121381208,0.8080735121297445
0.7580831387361596,0.8943403654542386
0.3493803083328707,0.5997955712574186
0.4493138154391718,0.47906424199222175
0.5364330362725184,0.7804899637659457
0.7611354954160514,0.5090978040875495
0.14271059612243686,0.8021032666507873
0.4351197460214249,0.3994603688507278
0.40368531122263507,0.7939561293910345
0.7056451434428882,0.8260863968665739
0.49757941917240767,0.3453757271798893
0.296292461194967,0.15510693100330722
0.46999982933851625,0.8739474515147784
0.234404208978381,0.23808967095129294
0.8342675706854356,0.11756306550245227
0.8140806362284602,0.22799507625745763
0.4728445670179132,0.5539441350085775
0.530805445377377,0.3676370318122625
0.7265718606149935,0.30936039487384936
0.18677582090047462,0.5065990048785629
0.19744836950884892,0.5128411045481356
0.4005189325391155,0.23317700845950615
0.7597122882741549,0.41961094900509177
0.32839142738535154,0.12452442739342598
0.0,0.0
0.0,1.0
1.0,0.0
1.0,1.0
0.6832849565751948,0.0
0.48005552212599556,1.0
0.5266544612527274,1.0
0.37217498595437604,1.0
0.19922890892378464,1.0
0.8188377593617541,0.0
0.28978269444075744,0.0
0.136273041474965,0.0
0.28535320322071744,1.0
0.3112323391848153,0.0
0.491572969921396,1.0
0.3313250332740011,0.0
0.6937237536645394,1.0
0.20477472121304197,1.0
0.9460534589008369,0.0
0.9864822707380999,0.0
0.31939133768469896,1.0
0.5838969369781536,1.0
1.0,0.036777837274914904
0.0,0.3330478055262843
0.0,0.25665698433129636
1.0,0.27641698483276733
0.0,0.2945991157855581
0.0,0.5820184064777791
0.0,0.8929035440891582
1.0,0.25622557335230944
1.0,0.9797334522012285
0.0,0.6538988714957923
0.0,0.8534423361680734
0.0,0.6522065695750401
0.0,0.5666361272609316
0.0,0.2457731888435014
0.0,0.8616567131021264
1.0,0.3767799569072895
0.0,0.9713249353101931
1.0,0.14660179386649763
74,90,20
86,110,75
85,74,30
86,85,30
6,98,101
97,94,77
94,97,93
69,45,2
45,68,61
68,45,69
99,6,101
74,88,90
85,88,74
29,47,55
68,27,12
27,68,69
96,50,91
48,41,35
91,52,78
52,105,78
50,52,91
52,50,60
63,81,89
81,63,96
50,63,55
63,50,96
63,17,55
17,63,37
97,65,93
65,84,93
84,65,2
90,79,20
79,45,20
79,84,2
45,79,2
72,45,61
33,72,61
45,72,20
67,47,29
11,67,12
67,11,47
73,27,69
49,50,55
47,49,55
49,18,41
18,49,47
50,4,60
4,48,60
49,4,50
48,4,41
4,49,41
52,26,105
105,26,112
26,35,112
58,33,61
106,3,57
59,17,37
59,29,55
17,59,55
87,44,37
44,3,19
3,44,57
63,82,37
114,65,97
100,0,104
0,114,104
114,0,65
0,100,112
73,0,112
0,73,69
74,62,30
62,42,30
28,86,30
28,110,86
28,99,110
99,28,6
53,67,29
3,53,19
11,1,47
1,18,47
41,56,35
35,56,112
56,73,112
18,56,41
51,52,60
51,26,52
48,51,60
68,15,61
15,58,61
15,68,12
46,53,5
53,46,67
40,24,107
106,40,107
40,106,57
3,102,109
22,59,37
22,44,19
44,22,37
59,22,29
80,63,89
80,82,63
95,87,37
82,95,37
65,66,2
0,66,65
16,62,74
16,74,20
72,16,20
16,72,33
42,16,33
62,16,42
98,9,109
9,98,6
25,42,33
58,43,33
43,25,33
25,43,36
71,53,3
53,7,19
7,53,29
7,22,19
22,7,29
21,1,11
27,21,12
21,11,12
73,31,27
56,31,73
26,10,35
51,10,26
10,48,35
10,51,48
15,54,58
54,46,58
54,15,12
67,54,12
46,54,67
24,111,107
103,111,24
106,108,3
108,102,3
8,69,2
66,8,2
8,0,69
8,66,0
28,13,6
13,25,36
13,9,6
9,13,36
43,39,36
46,34,58
34,43,58
34,46,5
39,34,5
34,39,43
70,9,36
9,70,109
70,3,109
70,71,3
31,32,27
32,21,27
21,32,1
1,32,18
32,56,18
32,31,56
14,83,76
113,14,76
14,92,83
14,113,103
14,103,24
92,14,87
14,44,87
25,64,42
13,64,25
64,13,28
42,64,30
64,28,30
71,23,53
53,23,5
23,39,5
70,23,71
39,23,36
23,70,36
38,14,24
38,40,57
40,38,24
44,38,57
14,38,44
