115,188
0.8878378464743653,0.640563390125915
0.8906817906831875,0.14798994892701334
0.18056639781133,0.637128798225977
0.6850733179688737,0.2296903561191151
0.5696203963173937,0.2782094943448188
0.641664441169123,0.4080635007051753
0.6067020660540723,0.31263918755438463
0.1897132236949485,0.6593556852653312
0.8233070718623093,0.3171878450193242
0.6712190290921461,0.21992863307665972
0.15095060910940275,0.2449712776441514
0.3719361423794084,0.32663268218232255
0.8302634847153275,0.20193243086435758
0.8887042914036406,0.12226256172172123
0.5006565719680863,0.37530150750747504
0.7322038896898146,0.5831180148755961
0.2687474483555301,0.48152217671744535
0.6551733966533568,0.8920118617737289
0.49373267853086045,0.26300538770749854
0.57042679529794,0.32825175995321443
0.6635194695223257,0.8476355179732534
0.23510869715006555,0.48774724064476327
0.7568314890229199,0.5895796679649771
0.466607230891127,0.5447847533268005
0.6458176587433277,0.7100220909455741
0.5583220551912572,0.882611522348352
0.21323003877839258,0.5485219861098241
0.43474702300691936,0.19268756167043302
0.11404789101385876,0.21561757599556186
0.5317180886051456,0.2964820841549538
0.45385239618696127,0.3504051794207571
0.4905579762114488,0.8599685477806117
0.32133598039491656,0.4801093872822675
0.8343117687843187,0.35649549413068937
0.2756030596534996,0.2121999802472736
0.3366505550390829,0.272154598973128
0.3896336991287467,0.5409012283151365
0.2829536798144201,0.8798030058974645
0.24342242941503267,0.23666390308713192
0.20588868725406542,0.8097054900639459
0.255083672250364,0.7675303380047912
0.76942560510972,0.46225086415133443
0.6321584019468313,0.7969159577197172
0.5188631378112968,0.2720839983457357
0.7051525129690464,0.7078995924078638
0.7885777152070783,0.121314121581083
0.6838839779804812,0.3182985817552664
0.8538057925871536,0.5642042900872831
0.6063792889869135,0.2583731160413663
0.76736423781123,0.8881336366980456
0.8807980399807338,0.36392922555034757
0.5861829697515123,0.7111862090574256
0.4948793029436861,0.888087507056542
0.12019954418071173,0.6680645421862326
0.4039905831838232,0.33095931768948006
0.5575748128053755,0.8783615856583629
0.5665714760998385,0.17981010381255036
0.8442621627793778,0.34843698642946946
0.5518079095053888,0.7550180363550895
0.5945972895233974,0.47407442257032073
0.6838792599382068,0.8755978802741801
0.14303991266620725,0.49686850592139575
0.7684135618431909,0.5142241366052698
0.6357575479432589,0.6380693004747771
0.2997854390848692,0.4217303200474708
0.19585394827965966,0.32183805666505405
0.17795916059127193,0.27115533829609784
0.45116694225684684,0.5268967467005506
0.21507627215705416,0.12626125111480527
0.6487663752761859,0.6578756132614902
0.8808563635057879,0.8276660807046073
0.42503677193007117,0.7363314384915628
0.48079194268910674,0.306427413995779
0.7656953237577285,0.26514631801028027
0.44795340352190294,0.21786249013394807
0.0,0.0
0.0,1.0
1.0,0.0
1.0,1.0
0.14115856128678017,0.0
0.35142001718555815,0.0
0.08127465490920283,0.0
0.6892070942841259,1.0
0.6236255202323328,0.0
0.02688949598364576,0.0
0.5831021944712071,0.0
0.40295869592733125,1.0
0.28175364337933173,1.0
0.6508430116917505,0.0
0.8343158908285149,1.0
0.7070764941212752,1.0
0.19464410552774924,1.0
0.9070215124165225,1.0
0.15832310667717675,1.0
0.5267439420365023,1.0
0.3140370550205225,1.0
0.4958448912080651,0.0
1.0,0.736263329023133
0.0,0.3316389733913436
1.0,0.11011078147683084
0.0,0.10760777378237363
1.0,0.4643946356370575
1.0,0.263994326898914
1.0,0.5940885126799107
1.0,0.9547653991673216
1.0,0.7019057503009861
0.0,0.3321778775591093
1.0,0.8840203829752936
0.0,0.01875179610401634
1.0,0.5032242755984255
0.0,0.8898853903065286
0.0,0.10081124138693509
1.0,0.08788619756582772
0.0,0.8752596109403067
1.0,0.5947496191570006
53,113,106
61,53,106
45,88,77
71,37,40
27,80,96
56,27,96
32,30,67
70,0,97
39,113,53
37,39,40
93,39,91
39,37,91
84,108,75
28,98,100
36,71,40
36,32,67
61,2,53
101,50,102
47,101,109
101,47,50
85,56,96
45,9,88
9,56,88
11,64,35
56,74,27
27,74,35
50,8,102
30,14,67
14,59,67
59,14,5
107,70,97
86,95,37
110,93,76
39,110,113
110,39,93
84,111,108
111,84,81
100,111,81
65,61,106
98,65,106
21,65,64
65,21,61
64,65,35
65,38,35
34,27,35
38,34,35
27,34,80
7,36,40
2,7,53
7,39,53
39,7,40
32,16,64
16,21,64
1,99,102
13,45,77
13,1,45
13,99,1
45,12,73
1,12,45
12,8,73
12,1,102
8,12,102
0,105,97
114,105,0
103,47,109
103,114,0
47,103,0
22,47,0
71,31,37
56,83,88
85,83,56
3,45,73
3,9,45
56,4,43
11,54,64
54,32,64
54,30,32
54,11,35
74,54,35
18,56,43
18,74,56
47,41,50
41,33,50
57,8,50
33,57,50
57,33,8
107,92,70
92,89,70
37,87,91
95,87,37
65,66,38
66,65,98
34,68,80
68,100,81
68,28,100
68,34,38
36,26,32
26,16,32
7,26,36
26,7,2
16,26,21
26,2,61
21,26,61
112,13,77
13,112,99
70,44,0
44,22,0
22,44,15
17,82,94
82,17,90
49,89,90
89,49,70
49,44,70
25,17,94
52,86,37
31,52,37
86,52,94
52,25,94
63,59,15
58,51,42
58,31,71
51,58,71
14,19,5
3,48,9
9,48,56
48,4,56
72,54,74
18,72,74
54,72,30
72,18,43
72,14,30
22,62,47
62,41,47
62,22,15
59,62,15
62,59,5
41,62,5
92,104,78
104,92,107
66,10,38
68,10,28
10,68,38
10,98,28
10,66,98
79,68,81
68,79,80
51,24,42
24,44,42
17,60,90
60,49,90
23,63,51
23,51,71
59,23,67
63,23,59
23,36,67
36,23,71
58,55,31
55,52,31
52,55,25
55,58,42
25,55,17
4,29,43
19,29,4
29,72,43
29,19,14
72,29,14
19,6,5
6,19,4
48,6,4
24,69,44
44,69,15
69,63,15
63,69,51
69,24,51
20,60,17
20,55,42
55,20,17
44,20,42
49,20,44
60,20,49
6,46,5
8,46,73
46,3,73
33,46,8
46,48,3
46,6,48
46,41,5
41,46,33
