115,188
0.47323571657878327,0.18879442707273697
0.6737981637449508,0.8852197531548857
0.47455174659454424,0.6107758326241336
0.18094547082992563,0.2473831569080751
0.8102469187866616,0.4746252901844824
0.35571153568097547,0.22464179988488314
0.2348843322545876,0.6491884002722659
0.3600247625695435,0.8685757170662767
0.1387451466873106,0.5422518473234751
0.5322977680067228,0.8740945391746847
0.12675950788288795,0.8857114577379803
0.7937452236797794,0.18420453264753292
0.2586739451580227,0.4477278792625422
0.454281665486729,0.5426996000104057
0.35698447621367446,0.3895431528737273
0.40038373650819514,0.48682757242267016
0.20300929097902687,0.7991825296776253
0.48454804360605885,0.8680324389707031
0.69913590346855,0.3631735375912015
0.3686921620178104,0.6025257617371007
0.8630609435422653,0.4502309216345417
0.8062310793009472,0.18793321867172505
0.8800780201278867,0.26148080716883204
0.6363714102654462,0.6858007393413966
0.8984979395780237,0.26663376260740057
0.6252084213741805,0.17605392070462172
0.8353349572405174,0.26478672192920644
0.6711281027093369,0.8494078862947835
0.11041693601644226,0.8769484460374513
0.5226403630321811,0.5247903915384412
0.11582528140939258,0.5588255388301498
0.7773238189289472,0.28707632162916397
0.8160400759756777,0.7901772250283052
0.6142780903017847,0.8766647508069951
0.1966034727494196,0.526689696090627
0.7189012717352832,0.6965715729633132
0.8658663523146344,0.2779269496624738
0.8989651143418048,0.49465551985334
0.6799815535379939,0.2841171539340429
0.159427291385237,0.6239144720674316
0.44092049906737685,0.31690135674236874
0.27707038592668076,0.6187891409856331
0.8284254433348993,0.40796315946603945
0.4458016475168972,0.5012375486319106
0.3115095003253792,0.8097588533272396
0.7695930353946009,0.462392509745876
0.15256587009175737,0.5789748517388456
0.7300603172167097,0.5266315618237801
0.7626578859154293,0.5405418411758462
0.30134666357994655,0.3531158440832629
0.609316331064095,0.16526290164896187
0.21396101741281745,0.8992038355505507
0.8583796234961255,0.6272594584353108
0.7038223987756592,0.7826895225449974
0.4630830604322561,0.3178938734434753
0.3866237974205221,0.7675832867807773
0.40820625995354554,0.7478343190875177
0.33351539405701824,0.20459216579780604
0.7156466934689211,0.27789688422770353
0.8434831717154402,0.6027856279146647
0.7273268183703034,0.2006014962632909
0.7883080829255122,0.2862269388209935
0.4746744995568707,0.43281584430403797
0.34907822909379693,0.7565970905316542
0.24146645918136198,0.6417959964080384
0.4695656715152733,0.38376116269080607
0.26486795485170084,0.42811628415861935
0.8992982642319179,0.5385877678657454
0.8923503022045406,0.35264049437689937
0.628324887102827,0.47717166927418597
0.3775701314870966,0.591538059111602
0.5393932326966144,0.18475004467951034
0.8051136455095115,0.406834851966583
0.48162722629895927,0.10882277703646014
0.8669136867427507,0.28328221642252005
0.0,0.0
0.0,1.0
1.0,0.0
1.0,1.0
0.12931844981288487,1.0
0.2411774953261847,1.0
0.9075569613063988,0.0
0.34439362141524077,0.0
0.8726396140657733,1.0
0.3832899972852468,1.0
0.6990669512262087,1.0
0.7816952755156066,1.0
0.2254863263615422,1.0
0.5912881919600197,0.0
0.9498734001262227,1.0
0.2805823455217331,1.0
0.6007887479656759,0.0
0.3356845851658766,1.0
0.9037224264871638,0.0
0.5197871409495927,0.0
0.6371493577569793,1.0
0.8869483491799147,1.0
1.0,0.05150589247231663
0.0,0.6663528477038145
1.0,0.004169080384498258
1.0,0.015873756466232458
0.0,0.9771472214612673
1.0,0.8126198743519624
1.0,0.09502155635635878
0.0,0.5150316813301272
0.0,0.9966281466438427
1.0,0.9353219330523792
1.0,0.8993678734592971
0.0,0.9986056971771923
1.0,0.9400308185245053
0.0,0.7848344125599724
1.0,0.989931844182051
0.0,0.2121110371493684
1.0,0.8243963670483487
0.0,0.1909013610764264
112,3,104
82,3,75
103,102,37
3,114,75
112,114,3
86,85,1
85,95,1
32,86,1
32,52,102
52,32,35
49,5,40
7,17,84
9,95,84
17,9,84
9,17,56
23,9,56
28,101,110
101,28,79
23,2,29
2,23,56
102,67,37
52,67,102
23,47,35
30,46,39
105,101,79
12,41,34
41,12,70
14,49,40
73,82,94
17,55,56
7,55,17
95,33,1
9,33,95
33,9,23
19,41,70
19,2,56
2,19,70
41,64,34
64,46,34
39,64,6
46,64,39
51,87,79
80,87,51
92,7,84
10,51,79
28,10,79
47,48,35
69,23,29
69,47,23
32,83,86
96,83,32
107,96,32
30,98,104
98,39,110
98,30,39
46,8,34
8,46,30
8,30,104
3,8,104
8,12,34
108,79,76
108,105,79
81,100,97
81,97,103
93,81,103
58,18,38
11,91,93
68,103,37
68,24,103
54,65,40
65,14,40
69,65,18
18,65,38
65,54,38
14,66,49
49,66,3
66,8,3
8,66,12
73,57,82
82,57,3
57,49,3
57,5,49
88,73,94
54,71,38
71,25,38
55,63,56
63,19,56
19,63,41
63,64,41
64,63,6
53,23,35
32,53,35
7,90,51
92,90,7
90,80,51
59,52,35
48,59,35
59,67,52
67,4,37
59,4,67
4,59,48
113,32,102
113,107,32
99,81,77
81,99,100
58,31,18
31,11,61
21,93,103
21,11,93
11,21,61
21,26,61
2,13,29
13,43,29
13,2,70
43,62,29
62,69,29
62,65,69
65,62,14
66,15,12
15,66,14
12,15,70
62,15,14
15,62,43
15,13,70
13,15,43
50,88,91
25,50,91
88,50,73
71,50,25
50,71,73
71,0,73
57,0,5
0,57,73
5,0,40
0,54,40
0,71,54
63,16,6
10,16,51
16,10,28
16,39,6
39,16,110
16,28,110
44,55,7
44,63,55
44,16,63
44,7,51
16,44,51
27,33,23
53,27,23
33,27,1
27,32,1
27,53,32
20,68,37
4,20,37
31,72,18
72,31,61
60,31,58
31,60,11
25,60,38
60,58,38
60,25,91
11,60,91
21,22,26
24,22,103
22,21,103
74,68,61
26,74,61
68,74,24
74,22,24
45,72,4
45,48,47
45,4,48
72,45,18
45,69,18
69,45,47
68,42,61
42,72,61
20,42,68
42,20,4
72,42,4
89,111,78
109,111,89
106,89,96
106,109,89
107,106,96
22,36,26
36,74,26
74,36,22
