115,188
0.5487121778745178,0.7958821175921953
0.7577180917384112,0.3767280879359085
0.34921736730353353,0.764966891124745
0.14413817606647772,0.8684675058457133
0.5256335477788647,0.5466033118337816
0.7939195726643729,0.31051045701017777
0.8949878659803397,0.23507538864638172
0.8071333795802458,0.7080053524636583
0.37576988677328094,0.5171606702976375
0.8189085241419595,0.14341177765065655
0.20740984257028502,0.4775110560816098
0.8972927977749741,0.3633136264134802
0.7024959578200081,0.6376542926580179
0.11171380067520992,0.707268402836663
0.2755322037310526,0.14133065547323964
0.26036874564855417,0.253153185832711
0.6905997018102367,0.5819164399515498
0.2973193848724638,0.3260113382230021
0.44094600407978923,0.6442415568351305
0.3506495301512351,0.5528124333017191
0.4427608463187047,0.7499370719073477
0.7745147001404857,0.5330748659717893
0.4724429962175096,0.15929380982034128
0.6277856045248937,0.5866622463745003
0.10899978536114459,0.6282848108015362
0.8665151301021826,0.3150853918811233
0.6501712491362126,0.4815434533444224
0.6207693135013095,0.3617228419019084
0.3894557890280327,0.31738512120284446
0.7649029128525702,0.2647298888696248
0.8375142658461318,0.34541407951061043
0.6852016645356929,0.6134416112635045
0.508188593773778,0.6412782543547091
0.13949572759416748,0.6210180181830498
0.4511999800390697,0.21622547448085916
0.5678742196981752,0.4188431852191309
0.3260255703969358,0.559873202342276
0.4543947934528011,0.2798957380877497
0.6420868437587111,0.6325696257963237
0.5696871080267362,0.5549007685217847
0.504127513404058,0.48995690902343525
0.4568427966950135,0.8664656660723459
0.19398297552021113,0.5197179381052001
0.5683941904391504,0.6407264072415002
0.6069994418965696,0.8689567397180799
0.7375270507918156,0.537808341526339
0.734531541684812,0.5109235015219166
0.6813366573805705,0.18103938521096838
0.6379826025746079,0.3537969154330386
0.47634403928165137,0.7293072803691876
0.3570244191795444,0.3611396697568964
0.3200186081481673,0.6116515755427959
0.6531100339034086,0.5678737267927929
0.2096666237489597,0.8978942227671501
0.22051437283721384,0.5671005180056569
0.5519522732031126,0.8540428447472156
0.6442854169672373,0.21966420944498566
0.750257351421302,0.4135281974432804
0.6968928433855818,0.11518825041655259
0.2905728796960797,0.5612572289326417
0.5624684770024269,0.2977973424933762
0.10712153944189957,0.13223256025249866
0.13372742290815953,0.24350230090502933
0.22865712934779375,0.8383088194416632
0.1461063019880766,0.32387618635175563
0.8505083880640348,0.6499453903843
0.687096425832232,0.8513499927958778
0.10125696468784993,0.8836744514355818
0.8927902742512442,0.24027841806542602
0.7411204124464735,0.25321620276562773
0.4499312208080668,0.2205843275729123
0.12547165549061648,0.33287584757755084
0.3407282065886027,0.2627744899177513
0.16632394061937028,0.350582335322532
0.8844828889162785,0.7064128610346704
0.0,0.0
0.0,1.0
1.0,0.0
1.0,1.0
0.6694424676791714,1.0
0.1800979872069175,0.0
0.777940934788974,0.0
0.7814290163582699,1.0
0.24819388738515313,1.0
0.24838428759806552,1.0
0.40223055901590254,1.0
0.399256870282622,1.0
0.14213188954714961,1.0
0.22414177521873524,0.0
0.5373507769783815,0.0
0.7384242691840185,1.0
0.13529861486372563,1.0
0.861920514823511,0.0
0.8258883556800078,1.0
0.7643326413883872,0.0
0.2716165054714459,1.0
0.335387170061231,0.0
0.0,0.1116006976250804
1.0,0.31303842924671754
1.0,0.9218262235038296
1.0,0.6918251762385226
1.0,0.4157641794153938
0.0,0.42364944467732224
0.0,0.34750940637122296
1.0,0.19765029496658348
0.0,0.17010253032999634
0.0,0.1475254470115811
0.0,0.35441027615718745
0.0,0.4085237673897635
1.0,0.261394778673925
1.0,0.3328986800768051
0.0,0.9565765100912459
1.0,0.6259296416201502
1.0,0.4398888473439504
1.0,0.7788045246185338
61,62,105
93,99,78
24,13,102
13,111,102
62,14,15
61,14,62
62,103,105
61,97,75
80,61,75
14,80,88
80,14,61
66,79,44
93,74,99
55,79,85
79,55,44
41,55,85
111,91,76
50,28,40
28,35,40
35,28,37
96,14,88
22,96,89
96,22,14
94,58,89
58,22,89
81,9,94
9,58,94
47,9,69
58,9,47
71,103,62
106,61,105
106,97,61
66,90,79
66,38,12
23,38,43
60,35,37
39,23,43
35,39,40
39,35,26
9,29,69
29,9,68
48,57,26
74,112,100
74,114,99
114,74,100
55,0,44
0,41,20
41,0,55
38,0,43
0,66,44
0,38,66
2,41,63
41,2,20
2,63,13
51,2,13
50,8,10
8,50,40
2,18,20
18,2,51
86,95,63
86,41,85
41,86,63
53,84,83
84,53,95
95,53,63
17,28,50
17,50,10
28,72,37
14,72,15
72,17,15
17,72,28
109,98,68
104,92,77
9,92,104
92,9,81
6,9,104
9,6,68
109,6,104
6,109,68
108,71,102
73,10,102
71,73,102
73,17,10
17,73,15
82,66,93
82,90,66
60,34,22
22,34,14
34,72,14
52,39,26
39,52,23
57,46,26
46,52,26
35,27,26
27,48,26
60,27,35
48,27,60
56,48,60
56,60,22
56,47,69
48,56,69
56,58,47
58,56,22
0,49,43
49,0,20
18,49,20
10,42,102
42,24,102
4,39,43
39,4,40
4,8,40
4,18,8
87,53,83
67,91,111
67,111,13
67,87,91
11,101,113
98,25,68
11,25,98
71,107,103
108,107,71
64,71,62
64,73,71
64,62,15
73,64,15
70,60,37
70,34,60
72,70,37
34,70,72
31,52,16
38,31,12
31,16,12
31,38,23
52,31,23
52,45,16
46,45,52
16,45,12
49,32,43
32,49,18
32,4,43
4,32,18
42,33,24
33,42,54
24,33,13
33,51,13
33,54,51
54,59,51
59,36,51
59,42,10
42,59,54
8,59,10
36,59,8
18,19,8
19,36,8
19,18,51
36,19,51
87,3,53
67,3,87
53,3,63
63,3,13
3,67,13
110,11,98
110,101,11
30,11,57
30,25,11
7,66,12
66,7,93
7,74,93
112,65,113
65,112,74
7,65,74
65,7,12
1,30,57
48,1,57
29,1,69
1,48,69
30,5,25
5,29,68
25,5,68
5,1,29
1,5,30
65,21,113
21,45,46
45,21,12
21,65,12
21,11,113
11,21,57
21,46,57
