115,188
0.7192328060883598,0.4985007173080377
0.24339236593133845,0.4173095064013228
0.23147609789174928,0.2540798501389351
0.2295812539248103,0.8791401112920663
0.605553366067508,0.8621062500363615
0.4486856521341297,0.15838766120002676
0.8104654449143119,0.21951675466271814
0.8760672787212999,0.14850584024567148
0.14899793717766263,0.48774341292737045
0.4102533050809395,0.2196350867292134
0.8378960286537097,0.16429650000593776
0.1963824564372895,0.1263241162397141
0.6117737824500313,0.4809178725683563
0.16373152109929193,0.7040752071789911
0.7247170383151563,0.45024950582475987
0.542895610762492,0.29761420126028026
0.7074567210324906,0.8953703996585631
0.7990589137289804,0.15456662622924738
0.32277113943750524,0.5641168449718629
0.5544459726995784,0.35582837967127945
0.31265474998207754,0.18880653665292269
0.7240227936526055,0.6710436923541703
0.16513340306859794,0.40106287852037603
0.3974398323736643,0.2083387802944932
0.5423534456049407,0.15790929771795154
0.814172374137577,0.7666607189741587
0.3711996475702227,0.35060046413761314
0.8612659324956478,0.5603190727347525
0.5349711313233411,0.6796827232764936
0.6369319375034658,0.7426172859766499
0.6614066150131672,0.7704957346155795
0.49468934468955295,0.8322043836071752
0.11378039404061867,0.6144686331884406
0.8791480525351945,0.4270149190482738
0.8362010141184175,0.46633007817593053
0.8920917612335274,0.24912939084570374
0.29949065883197756,0.27329866990538615
0.8962314324960682,0.22796341688226385
0.7816728195804372,0.4560481791673693
0.10160889317632896,0.3888437984892329
0.48847501595806264,0.6255273452528771
0.19888839927363755,0.3863232997511118
0.6135810490141033,0.7049025736653468
0.10519871657570033,0.7112239730570037
0.6607109382885887,0.8993670752062072
0.47960634521235024,0.24540548265288298
0.8021121736285413,0.16322056037673277
0.730378671396461,0.7192911099546012
0.17004441782276292,0.34954829499265766
0.32264713341824947,0.766746814423139
0.8018485607698279,0.171000352238321
0.47369447205264137,0.5335796330176134
0.8535047885228607,0.6535155292063479
0.7479413201658128,0.5775799670255038
0.3116998435880298,0.5638591106217459
0.8572081230753612,0.24154093754138303
0.8135675525053226,0.5495578889284228
0.5301242122118502,0.1921626848245305
0.6679851497966449,0.34904178584196344
0.663198165592675,0.45011778372500366
0.714771385603024,0.27989661442649194
0.3779829513500933,0.6930965982151962
0.35564008183491025,0.7021604247492376
0.2592126547024989,0.13804340521541816
0.5802923244550564,0.8281531601198243
0.6005412033845876,0.880420770046649
0.42969384388471243,0.2758507162581736
0.546410641596887,0.1690693713199633
0.4913768541260941,0.6688168803538935
0.1432189709937446,0.5815568219376968
0.3398341408877391,0.4606867328082974
0.8988857056719988,0.7936201706368649
0.4539295309147373,0.6970642131750655
0.5139823846864587,0.6061345421596532
0.40229652477707256,0.5077456715822148
0.0,0.0
0.0,1.0
1.0,0.0
1.0,1.0
0.44274964826927876,0.0
0.8247989428895319,1.0
0.7080919440643331,0.0
0.45240659379756043,0.0
0.08102409123058107,0.0
0.13010325735665773,0.0
0.7819065372712464,1.0
0.8146242711145376,1.0
0.6403322419149096,1.0
0.19801732330526833,1.0
0.7995748338347822,0.0
0.7466294481961792,0.0
0.9104401144495525,0.0
0.6566033651933497,1.0
0.5165022685388262,1.0
0.5770151808100299,0.0
0.8973221713212761,0.0
0.24618274871757007,1.0
0.0,0.6232219043944275
0.0,0.6576848567365061
0.0,0.6683946029756275
1.0,0.3833528681279573
0.0,0.8977080274893129
0.0,0.7915080737468875
1.0,0.6722179001266112
0.0,0.83151649092704
1.0,0.5320155832080976
1.0,0.49275705757522226
1.0,0.3681524203467116
0.0,0.4807530894545633
1.0,0.5256067703703591
0.0,0.4939770429498751
0.0,0.6114779197404023
1.0,0.7834278047653428
0.0,0.6257842589232266
1.0,0.2239714109751385
49,3,13
69,54,13
114,7,77
70,54,1
104,3,101
101,88,76
3,88,101
88,3,96
62,49,13
54,62,13
43,99,98
99,43,102
43,104,102
3,43,13
104,43,3
39,108,75
54,8,1
69,8,54
8,69,110
108,8,110
8,108,39
79,63,84
11,83,84
63,11,84
11,63,2
83,11,75
48,11,2
11,39,75
11,48,39
67,17,60
17,67,81
107,35,114
35,107,33
19,12,51
27,33,106
27,103,52
12,73,51
74,19,51
71,112,78
80,71,78
71,103,112
103,71,52
32,111,110
69,32,110
32,69,13
43,32,13
32,43,98
48,22,39
22,8,39
8,22,1
63,20,2
20,36,2
26,36,66
26,74,70
26,70,1
36,26,1
19,26,66
74,26,19
24,94,81
67,24,81
94,24,82
33,100,106
107,100,33
7,91,77
95,91,7
89,95,7
17,89,7
37,7,114
35,37,114
15,19,66
15,67,60
12,0,53
58,15,60
15,58,19
27,105,103
62,61,49
61,72,49
73,40,51
40,74,51
72,40,68
61,40,72
28,72,68
40,28,68
28,40,73
52,21,53
25,71,80
71,25,52
113,32,98
22,41,1
41,22,48
41,36,1
41,48,2
36,41,2
5,79,82
24,5,82
79,5,63
5,20,63
90,17,81
90,89,17
45,15,66
59,0,12
0,59,14
59,58,14
19,59,12
58,59,19
27,34,33
109,27,106
109,105,27
18,62,54
18,61,62
70,18,54
74,18,70
40,18,74
18,40,61
72,31,49
31,3,49
28,31,72
96,31,93
3,31,96
42,28,73
21,42,53
42,12,53
42,73,12
16,25,80
92,16,85
16,92,44
16,44,30
25,16,30
47,25,30
47,21,52
25,47,52
32,97,111
113,97,32
5,23,20
20,23,36
55,37,35
55,35,33
55,33,60
6,55,60
17,50,60
50,6,60
15,57,67
45,57,15
57,45,5
57,24,67
57,5,24
34,38,33
33,38,60
38,0,14
38,58,60
58,38,14
56,34,27
56,52,53
56,27,52
56,38,34
0,56,53
38,56,0
92,87,44
31,65,93
65,87,93
87,65,44
29,47,30
29,42,21
47,29,21
16,86,85
86,16,80
36,9,66
23,9,36
9,45,66
45,9,5
9,23,5
10,55,6
50,10,6
37,10,7
55,10,37
10,17,7
64,65,31
29,64,42
64,29,30
64,31,28
42,64,28
46,50,17
10,46,17
46,10,50
4,64,30
64,4,65
44,4,30
65,4,44
