115,188
0.5212380434342705,0.20112730564604614
0.7497715344602555,0.7751638159348996
0.6130084787678081,0.2587989854890468
0.5619698269367898,0.10545558680483316
0.23378151702451053,0.16263152654567864
0.3067869647262417,0.6727276338504409
0.4111358462374314,0.6890666163938348
0.707390933398711,0.48577525868266
0.6830575656117296,0.6084293346055692
0.3320268222749043,0.831916290011593
0.45636020943482847,0.4865736446678549
0.7339944040329155,0.6820236628371907
0.5528075917289043,0.8481951907393578
0.2603742917795341,0.89842983130305
0.30697274946216135,0.6726223862701924
0.8336197963140503,0.233442895291254
0.3246208309945751,0.14476895963840938
0.6217749138215961,0.17254252704383033
0.6989369557763305,0.6164085672848615
0.7133448097883778,0.26128184456670545
0.7558017405130063,0.6821292166981044
0.42764494558188626,0.378778926540112
0.28805792016582554,0.7495332690490026
0.5876510104717892,0.8028668190639524
0.7752763811036943,0.12567893107978662
0.6575754356119414,0.6822843871029052
0.5708085781702704,0.131617087661862
0.8383148432343329,0.41679815209095594
0.20428406355020617,0.8549959020832667
0.745924624406045,0.8595660426157963
0.20837483159760836,0.41171358602270147
0.6641683784948168,0.12557882795477396
0.8671340200231382,0.10607086620741867
0.3698264648234082,0.6631566299656237
0.16586486939631478,0.8380692747000661
0.710055879732618,0.3237888696705955
0.18080581761298628,0.20033672659353707
0.4569042293788448,0.4263650848318522
0.38173067686870366,0.3765496316397873
0.5532976509476513,0.18774142599496868
0.7889432734716325,0.3540819136328113
0.7977096683388342,0.16423468463929236
0.2316823525953888,0.8330372401481173
0.8056015875978161,0.798779603441539
0.41985450276714065,0.6286606764849065
0.5564188433382186,0.5242937399530477
0.7367328370379895,0.811523596539517
0.10960464216070145,0.40016627511458347
0.7465815471380828,0.20289274469246302
0.23526264606991987,0.768889168266369
0.7520005530298348,0.46010671924963364
0.7702090972521449,0.27423645875413777
0.7834013691144952,0.10013002985563074
0.16710012276813507,0.23749590513327964
0.131438647567093,0.3602939891690732
0.6866581241129606,0.6261060380039984
0.7870520864107673,0.4702247875078237
0.4522706986444541,0.583674838438538
0.4896469795465729,0.19286322363205877
0.7170350706851354,0.6948318519955542
0.35217211821685424,0.6640572871667196
0.7583168944473474,0.4519589604372628
0.6975053735760455,0.3682618807235154
0.3629200121381996,0.4598243481806735
0.2254983170250583,0.2888112596252821
0.8693043759439049,0.5394629465850816
0.11691975239594657,0.6187985587182567
0.6467104003640207,0.3214278203774438
0.7072647046034275,0.6525793699204738
0.7031322450347378,0.1343938443699476
0.557858427086676,0.30187665406857456
0.3748329673813908,0.4762854319190466
0.6105054124989108,0.13262059349601732
0.7081344874763562,0.3481907418637372
0.417298845657731,0.8663289637470821
0.0,0.0
0.0,1.0
1.0,0.0
1.0,1.0
0.9984859190185142,0.0
0.2831757146824515,0.0
0.3555326304271168,0.0
0.528096643050156,0.0
0.15091746636727044,1.0
0.17421104764222972,0.0
0.20044115268339513,1.0
0.728286050656699,1.0
0.1378744218144342,0.0
0.14474722289201036,1.0
0.7338932760099448,1.0
0.13681127636343082,0.0
0.24098651257152004,1.0
0.19541770567031513,0.0
0.490645100772104,1.0
0.8074646012326274,0.0
0.4439177779485659,1.0
0.3714560856288568,1.0
1.0,0.7279520752721146
1.0,0.9114406740615294
0.0,0.31004669490763925
1.0,0.275172271087625
1.0,0.6166633857542849
1.0,0.13941642049197311
0.0,0.8718967085212437
0.0,0.48001785922105056
0.0,0.14560721781748753
0.0,0.9475877481671013
0.0,0.32148604213927034
0.0,0.9291377209416035
0.0,0.5628210197243292
0.0,0.7818844575526587
1.0,0.02822244302500676
0.0,0.3954341402526319
0.0,0.725740770540781
1.0,0.5166060281297917
66,109,104
113,109,66
34,113,66
64,30,54
38,64,16
64,38,30
30,14,66
47,66,104
47,30,66
30,47,54
112,47,104
27,100,114
90,105,75
58,81,82
81,58,16
58,38,16
94,31,82
80,81,16
49,34,66
34,110,113
110,34,103
38,63,30
63,14,30
90,36,105
107,47,112
107,99,54
47,107,54
79,32,94
15,40,51
15,102,100
102,15,32
27,15,100
40,15,27
65,27,114
43,20,97
89,98,78
29,98,89
43,98,29
98,43,97
3,58,82
31,3,82
32,52,94
52,31,94
96,13,9
5,14,22
49,5,22
14,5,66
5,49,66
34,108,103
88,108,34
83,88,34
14,60,22
105,53,99
36,53,105
99,53,54
53,64,54
53,36,64
80,4,92
4,80,16
64,4,16
36,4,64
40,35,51
111,79,77
79,111,32
111,102,32
101,65,114
20,101,97
65,101,20
65,56,27
18,65,20
18,56,65
18,8,7
56,18,7
43,1,20
12,86,93
86,29,89
86,12,29
52,69,31
69,17,31
70,2,67
2,70,0
70,58,0
74,95,96
74,96,9
95,74,93
74,12,93
13,91,85
91,13,96
28,13,85
83,28,85
28,83,34
106,88,76
106,108,88
63,71,14
71,60,14
8,45,7
45,70,67
4,84,92
45,62,7
62,45,67
61,40,27
56,61,27
61,62,40
46,43,29
46,1,43
25,45,8
46,25,1
15,41,32
41,52,32
72,3,31
17,72,31
17,19,2
35,19,51
2,19,67
19,35,67
21,63,38
58,21,38
70,21,58
6,74,9
6,9,22
60,6,22
74,6,12
13,42,9
28,42,13
9,42,22
42,49,22
49,42,34
42,28,34
37,45,10
45,37,70
37,21,70
71,37,10
37,71,63
21,37,63
87,84,4
87,36,90
87,4,36
73,35,40
62,73,40
35,73,67
73,62,67
50,56,7
50,61,56
62,50,7
61,50,62
18,55,8
55,25,8
23,25,46
12,23,29
23,46,29
6,23,12
23,6,25
24,69,52
41,24,52
72,26,3
3,26,58
26,72,17
24,48,69
48,24,41
48,17,69
48,19,17
19,48,51
48,15,51
48,41,15
25,57,45
6,57,25
45,57,10
57,71,10
68,18,20
68,55,18
55,68,25
39,26,17
39,2,0
39,17,2
58,39,0
26,39,58
44,57,6
71,44,60
57,44,71
68,59,25
1,59,20
25,59,1
33,6,60
44,33,60
33,44,6
11,68,20
59,11,20
11,59,68
