115,188
0.3324930328660883,0.7501010769769628
0.37053416462219013,0.5288574233391816
0.4832060010436008,0.5015262862076877
0.3368873736300997,0.5620297730759766
0.5005476962446466,0.562186989463549
0.5432754093837354,0.13366404388256045
0.897236030358555,0.6817896986726072
0.10215066388396235,0.2547908857993202
0.43416861851266886,0.56779636778016
0.6294446681042405,0.816242565466163
0.28238297183549355,0.178748051771888
0.7042166045688506,0.6246269023826254
0.8610292349157957,0.6683122578252972
0.7502960447880241,0.40235013165997124
0.6500485933036577,0.3139287808175827
0.2170366613893945,0.77650536166792
0.249402535732432,0.11744015702670262
0.40906117508809936,0.5295592705198414
0.8524765558847825,0.8145733473118874
0.48974335469025176,0.4589583308664742
0.7847724728708281,0.5564295041667291
0.5998936260350874,0.6087780573862337
0.18769684979022153,0.77640578179024
0.548184604793354,0.6832080836026287
0.37731185139940693,0.866475747868975
0.8608817605358746,0.7045000733350311
0.38918686680818393,0.8237546219249839
0.7500065832723654,0.42571185379074905
0.43134988253895057,0.8167196821081674
0.37780397330914606,0.26280631385331976
0.6909055161437829,0.48611611217998085
0.19722451527619916,0.24880005356653082
0.775677646671782,0.528705513876229
0.8865274902035768,0.3306025437372252
0.7467195207913376,0.27156998508253444
0.2357067110914316,0.293173336255971
0.21763703188730635,0.24833294513105716
0.7419135094428031,0.16376505592805624
0.7186924444648523,0.1517227850541235
0.4774514228444797,0.12314915004311021
0.10147085957541835,0.7340337443415472
0.3113249069700349,0.29857893074164155
0.2677981472321155,0.8137694393316857
0.8726578958754819,0.18538695345487124
0.3629107292636492,0.40616244506521204
0.5449154548608721,0.2908805059821578
0.15750378517650176,0.2882315563362168
0.5956517790251327,0.6978209067154897
0.33256501272158845,0.4655264607018942
0.31356813804367284,0.8220964564819354
0.7689914753025707,0.1004604641386429
0.38155994657400294,0.4633412796053282
0.8465832892540185,0.8613305364717239
0.8179636674332471,0.21944335386465408
0.17513833471941187,0.19546996372558453
0.7761133299806785,0.48576066029313747
0.7722688830562586,0.7163766780803854
0.3774882063031567,0.8592030596055625
0.46747319857244285,0.49320972429530263
0.12021649384864813,0.21940345680803716
0.8380183444863484,0.73390934302648
0.18837766800371966,0.5938624863419008
0.11805434703124221,0.8223385812459404
0.1888802514318859,0.29213184528522573
0.6986244339731006,0.21539082212964455
0.21934247409942068,0.18740809357383892
0.1869236092230695,0.33777328067553336
0.4016905802619126,0.5499496944787822
0.2960052359572585,0.7098097269118362
0.37197050062633374,0.4313151811289526
0.8143067724855954,0.6071448955438614
0.25179622841043536,0.8876597931763923
0.33728184129387895,0.888704540226011
0.7538830534949317,0.4073819794147914
0.3169808669928356,0.2564287520595069
0.0,0.0
0.0,1.0
1.0,0.0
1.0,1.0
0.6774213162130163,1.0
0.6707187538212626,1.0
0.5684860591580394,0.0
0.4319565944427055,0.0
0.557943145850441,0.0
0.02747661001586077,1.0
0.6363182094529796,0.0
0.622991058498808,0.0
0.678948914800751,1.0
0.23349643938372355,0.0
0.7221443093664154,0.0
0.4056380262808099,1.0
0.30024710057864956,0.0
0.06759740474693854,1.0
0.18906134425965626,1.0
0.6316218726439972,0.0
0.05579285736748185,0.0
0.47255819605288085,1.0
1.0,0.023946195503335765
1.0,0.6733306056428987
0.0,0.43133463119168525
1.0,0.9061570115443734
1.0,0.7476915312323779
0.0,0.951011515733719
0.0,0.9480788265281928
1.0,0.9308607207829205
1.0,0.5059796570952753
1.0,0.2719458155550728
0.0,0.2881398587767885
0.0,0.5437401265347102
1.0,0.43655690421797155
0.0,0.6978827659456003
1.0,0.83889161258
0.0,0.16936671609926723
1.0,0.9486857794173507
0.0,0.28615800244703704
102,84,76
97,50,77
95,112,75
112,7,114
87,52,78
52,113,78
50,89,77
106,43,97
43,50,97
7,107,114
19,30,2
99,61,108
61,110,108
110,61,40
66,44,48
66,61,99
61,66,48
3,8,68
61,3,68
3,61,48
104,52,100
52,104,113
72,93,71
15,61,68
109,33,106
33,43,106
53,37,50
43,53,50
37,53,34
53,33,34
33,53,43
59,7,112
59,112,95
54,59,95
39,82,83
82,39,91
39,10,91
10,29,74
10,39,29
39,45,29
45,44,29
44,45,19
36,10,74
66,41,44
29,41,74
44,41,29
58,19,2
58,51,19
8,58,2
69,44,19
51,69,19
44,69,48
69,51,48
51,1,48
1,3,48
9,80,96
28,9,96
23,9,28
9,23,47
9,47,56
9,79,80
79,9,87
9,52,87
98,6,105
6,70,105
101,6,98
52,111,100
24,28,96
72,90,93
90,24,96
24,90,72
22,15,71
61,22,40
15,22,61
103,92,102
92,84,102
55,109,105
55,33,109
5,39,83
5,45,39
16,88,91
10,16,91
88,16,95
16,54,95
19,14,30
45,14,19
46,66,99
59,46,7
107,46,99
46,107,7
35,41,66
35,36,74
41,35,74
3,67,8
1,67,3
23,21,47
70,12,56
6,12,70
111,18,101
18,111,52
18,9,56
9,18,52
24,57,28
57,24,72
62,92,103
22,62,40
62,22,71
62,103,110
62,110,40
92,62,93
93,62,71
70,20,105
20,55,105
33,13,34
13,14,34
14,13,30
38,5,85
37,38,50
38,85,89
38,89,50
16,65,54
65,16,10
36,65,10
5,64,45
64,14,45
38,64,5
14,64,34
64,37,34
64,38,37
46,63,66
63,35,66
35,63,36
17,58,8
67,17,8
58,17,51
17,1,51
17,67,1
47,11,56
21,11,47
11,70,56
11,20,70
11,21,30
4,23,8
4,21,23
4,8,2
30,4,2
21,4,30
25,6,101
18,25,101
25,12,6
12,25,56
49,57,72
49,72,71
55,32,30
20,32,55
32,11,30
11,32,20
55,73,33
73,13,33
81,5,83
81,86,5
5,94,85
86,94,5
63,31,36
31,63,46
65,31,54
31,65,36
31,59,54
31,46,59
60,18,56
25,60,56
60,25,18
15,42,71
42,49,71
42,15,68
57,26,28
49,26,57
27,55,30
27,73,55
13,27,30
73,27,13
0,26,49
0,42,68
42,0,49
26,0,28
8,0,68
0,23,28
23,0,8
