115,188
0.6242562208501016,0.43291265321763306
0.6078521241012227,0.4173159853397459
0.878432396336869,0.5686491336003296
0.14793852290711992,0.8697772530962024
0.7824209543620356,0.6323363229804767
0.6448191546626532,0.5440477243878185
0.3209753684291413,0.8113640184700265
0.3597320024409263,0.8437918054144904
0.24312606975184076,0.5920988608883855
0.7953049788785244,0.5145484316931344
0.35888558859374553,0.48881755462867094
0.6069185158418313,0.5606063900671148
0.23842483179078988,0.7388397654800536
0.5812877174177566,0.2712127513768886
0.866357912470927,0.4685764986550771
0.44395881115140934,0.11864728318678477
0.5505890675654652,0.5474850771642158
0.6719272779526617,0.2442240713353898
0.24318576015908144,0.143860433652453
0.8649641803533243,0.7425080776338383
0.6062045507046534,0.13453746547293602
0.3737949828810768,0.3637177398756065
0.6147398133255697,0.5838924327745257
0.2997326773321711,0.14279294530063133
0.8089273612844535,0.13713621482833657
0.12346826741841044,0.7921986389460488
0.36929921670400323,0.2379433463782263
0.8285834284031707,0.4342544974488548
0.2783821781205738,0.3216041532542631
0.18121768451306047,0.7265458751690376
0.24210316956094352,0.5217768827437913
0.1861094514061505,0.6320400788422008
0.7661371726785458,0.3158546212744593
0.5532263049029523,0.6723542820796826
0.5711254763200752,0.5666395774524936
0.7060559764347054,0.8488093372663323
0.6675159439606146,0.3289136050788482
0.3036148398378662,0.8414155198650121
0.44853958295284313,0.7394758050671036
0.8569159131413269,0.2823920923954796
0.7835767532083816,0.8580933412313491
0.4104312319714998,0.7803672556453086
0.5530041255654774,0.10776337750018161
0.7347075180852735,0.30438977273686985
0.6984831364906494,0.47169213064817284
0.3367377337291624,0.5261470920688398
0.10200083682178783,0.4324957755055654
0.11831475290989024,0.15812656293308783
0.10681618628894257,0.7630655694698726
0.4263396809391259,0.7839252256550434
0.5293814287063672,0.3679632507753825
0.5403160476907876,0.19893249379709915
0.5131036095295763,0.3540728111728869
0.11905832347515127,0.1903594670242467
0.8437257092185806,0.15796173633750732
0.357279688118293,0.40721597540637
0.633282402206253,0.7738102985895023
0.2346236248812657,0.19318858420724513
0.5763212120593116,0.613293246570928
0.21104214312423075,0.665224805670828
0.5652612479199309,0.3033593404353162
0.5820363518239076,0.5316632461788892
0.15971631542269193,0.5501720719184293
0.34042050794929846,0.19437296233909696
0.8117336643178237,0.32578146896247584
0.4280606817377598,0.1311318104144742
0.11490256208302965,0.4559541940273748
0.48842129235398435,0.8041602838292972
0.4153131555250992,0.7843515990210491
0.5887624098224596,0.4264729446194727
0.38604042623460566,0.271922132575226
0.4277145673814534,0.1407090818257899
0.11705974265659647,0.4868657045400633
0.17545699564448702,0.2583425340166514
0.79335280105712,0.3287427464105769
0.0,0.0
0.0,1.0
1.0,0.0
1.0,1.0
0.7243102233323909,1.0
0.37139078336727405,1.0
0.22316869794434757,0.0
0.18599536505729397,1.0
0.7833795260254475,1.0
0.10343073970373307,0.0
0.3372795742667538,1.0
0.713934808554962,1.0
0.9082382572383642,1.0
0.44375761884806064,1.0
0.3241829313750634,1.0
0.6878241777554303,0.0
0.48255393545203384,0.0
0.8088688650762541,1.0
0.4232289023499729,1.0
0.1074524085064168,0.0
0.3655585608163714,1.0
0.21961571482611175,1.0
0.0,0.6256374224701168
1.0,0.42303019749017845
0.0,0.33587877768887964
1.0,0.656086872309768
1.0,0.353123202753039
1.0,0.33915580368109755
1.0,0.6431342197079234
1.0,0.8166414359040298
1.0,0.033885592866084835
1.0,0.22172552721802696
1.0,0.008057331262542489
1.0,0.10634778574510184
1.0,0.5670009614998438
1.0,0.44819403170477445
1.0,0.11869059408346394
0.0,0.8062898369266298
0.0,0.3539811847383991
0.0,0.2679134000777632
46,97,113
97,46,72
28,46,73
7,67,88
10,50,16
90,42,91
47,114,75
99,114,73
99,46,113
46,99,73
33,56,67
38,33,67
8,38,12
33,38,16
87,104,78
97,48,112
48,25,112
31,48,97
112,3,76
25,3,112
3,37,96
3,25,12
37,3,12
42,15,91
15,65,91
51,15,42
23,81,91
65,23,91
90,20,42
51,20,17
20,51,42
24,107,105
24,90,77
107,24,77
20,24,17
24,20,90
70,51,52
21,70,52
70,28,26
70,21,28
45,30,10
30,45,8
45,38,8
45,10,16
38,45,16
28,66,46
30,66,28
46,66,72
66,30,72
62,30,8
31,62,8
30,62,72
62,97,72
62,31,97
59,8,12
59,31,8
21,55,28
30,55,10
55,30,28
55,21,52
55,50,10
50,55,52
114,53,73
47,53,114
47,94,81
6,37,12
37,6,7
37,89,96
85,89,7
89,37,7
104,19,100
3,82,76
82,3,96
61,0,5
61,34,16
13,51,17
36,13,17
1,36,0
43,36,17
24,43,17
43,32,36
32,64,74
15,71,65
71,15,51
71,23,65
71,70,26
70,71,51
18,47,81
23,18,81
57,18,23
57,28,73
53,57,73
57,53,47
18,57,47
29,48,31
59,29,31
29,59,12
25,29,12
48,29,25
84,47,75
84,94,47
49,38,67
7,49,67
68,49,7
38,41,12
41,6,12
49,41,38
41,49,68
6,41,7
41,68,7
93,7,88
93,80,7
95,85,7
80,95,7
19,2,100
86,35,79
56,35,67
35,86,88
67,35,88
40,104,87
40,19,104
40,35,19
35,40,79
58,56,33
58,22,56
22,58,34
58,33,16
34,58,16
102,39,106
32,39,64
11,22,34
61,11,34
22,11,5
11,61,5
51,60,52
13,60,51
60,50,52
60,13,36
60,1,50
1,60,36
61,69,0
69,1,0
1,69,50
50,69,16
69,61,16
63,71,26
71,63,23
63,57,23
28,63,26
57,63,28
54,24,105
54,111,106
39,54,106
54,39,32
54,43,24
54,32,43
4,2,19
4,22,5
22,4,56
4,35,56
35,4,19
14,98,110
109,14,110
14,109,2
92,40,87
108,54,105
54,108,111
2,103,100
109,103,2
14,101,98
101,39,102
44,32,74
0,44,5
36,44,0
32,44,36
40,83,79
92,83,40
39,27,64
101,27,39
27,101,14
64,27,74
27,44,74
9,14,2
4,9,2
9,27,14
27,9,44
9,4,5
44,9,5
