115,188
0.5648743960831951,0.5304379632210625
0.44879143493203344,0.7301004866975377
0.8859332523971204,0.15243060715641638
0.3728770381042219,0.8909773942019333
0.6326085398288297,0.1814722487009524
0.48993596331821265,0.7717730389240408
0.7602697742543933,0.5391438253953175
0.13956820055562214,0.8742026250153873
0.8095383433211542,0.409505880334592
0.861728566764746,0.5283982297397917
0.7371065878913823,0.4587490735519989
0.7711480227911817,0.35924912896925376
0.837420106414222,0.88524399548666
0.2302659727662265,0.5921024882654193
0.35242848378629155,0.4262506279407815
0.4139862370316737,0.32412402154999037
0.6785387576744653,0.3841528534733122
0.7626594186858575,0.6438009472967232
0.5936897252943374,0.16759298944103965
0.2609187552334896,0.58762497388481
0.7881681662960072,0.6391991298649642
0.6908982000922125,0.49059616845925724
0.7219756531768213,0.7379786714670918
0.4802216624097987,0.21538065740682466
0.4394575515454596,0.4965353667176301
0.6731658351738707,0.5072644207939815
0.3452613432745357,0.346127342941667
0.19401197169187867,0.46137332947162013
0.8485720397365027,0.28835177930169376
0.8549918304838241,0.5260746558004973
0.3760637110965156,0.7460267674292255
0.7087199557657924,0.7981518783288973
0.653907293892803,0.28241223870988624
0.7782933903356404,0.7471222446288066
0.8856076765198279,0.42698006832652546
0.25943845622582606,0.8198215344090483
0.11610533740910567,0.7671335215765163
0.7627909949207516,0.5378838380152228
0.5765616767460224,0.7756673309842765
0.17563325757689868,0.5391721727086972
0.1515802391600717,0.350391450489124
0.37782383462946567,0.38477082143658525
0.18737622693718886,0.8798151459777556
0.7198231322028902,0.3274558640909201
0.1168351814568963,0.27552598730590916
0.5101204204363657,0.587333329774801
0.7303004335201178,0.8561368724959507
0.2648290501810749,0.26291571268036684
0.6015432674598487,0.6645521207320508
0.15438675937473356,0.38102489805029827
0.8366492499169834,0.6723161119149224
0.5424549055375008,0.8055791552981842
0.650163748142812,0.10258612001786718
0.8148479404770674,0.5233492420677586
0.7584778231002602,0.2688849747090677
0.5098919948917351,0.38639499516290254
0.7904450190260955,0.36956624652288306
0.5573813561814578,0.6785869977960283
0.7383849981194854,0.4746387013253902
0.8016071768836309,0.6753259899983258
0.5292038793207197,0.6921732125345732
0.6250062855804225,0.6332917271549378
0.34739047749135327,0.7186710405821156
0.4265504927610029,0.5043335259644276
0.23093677473820107,0.23418433596189372
0.45980647872298697,0.5256147316906338
0.47664118320736726,0.5598217983794973
0.2005533791604539,0.8194619362667732
0.47620462401518915,0.32047435941329927
0.8719361047641033,0.1933909711630033
0.3755907516475008,0.33615195699467604
0.4841609270918612,0.6083916947226464
0.18206621616556423,0.10317591480045261
0.6454658518488534,0.13676755374695118
0.5789756025447936,0.19928167973843616
0.0,0.0
0.0,1.0
1.0,0.0
1.0,1.0
0.8137882043761038,1.0
0.7111436221687724,0.0
0.17556316740195932,1.0
0.6522612887614094,0.0
0.5462145087679253,0.0
0.626878024473824,1.0
0.43365577892976115,0.0
0.3507473971122377,1.0
0.03199384855762577,1.0
0.8543295502613718,0.0
0.22550071269647765,0.0
0.8533313864197543,1.0
0.9288199039238528,1.0
0.35701235440446377,1.0
0.45341089201950635,1.0
0.6279789181512482,0.0
0.23990336971662618,1.0
0.42926002787695483,1.0
1.0,0.37719863980940926
1.0,0.30429564115185115
1.0,0.24134556485678937
1.0,0.9103789039845639
1.0,0.337102759919624
1.0,0.3869638839292777
1.0,0.3057079697725307
0.0,0.22941825654316983
1.0,0.613047171144036
0.0,0.14192569148241663
1.0,0.8371114197354226
0.0,0.28334779662377063
0.0,0.276144754945962
1.0,0.49225713153342987
0.0,0.0850157540594243
0.0,0.09304881947888999
1.0,0.5642615850244537
0.0,0.9922309143995949
51,84,93
3,51,93
3,5,51
13,36,39
36,108,39
19,13,39
89,72,75
5,30,1
3,30,5
23,85,83
85,72,89
68,15,23
15,68,55
72,111,75
28,54,69
99,28,69
18,23,83
12,90,79
100,12,107
12,33,107
84,46,79
46,12,79
46,33,12
46,84,51
96,3,93
86,95,3
62,71,1
30,62,1
71,62,19
19,62,13
87,7,81
108,49,39
40,49,108
15,47,23
47,85,23
47,49,40
47,26,49
41,15,55
112,72,106
112,111,72
71,60,1
57,60,71
60,5,1
55,0,65
16,0,55
0,16,25
2,88,77
99,2,77
2,99,69
88,2,80
99,98,28
94,52,83
52,18,83
2,52,80
52,2,69
32,54,43
16,32,43
68,32,55
32,16,55
91,100,78
91,90,12
100,91,12
46,31,33
92,86,3
96,92,3
42,95,81
7,42,81
114,87,76
87,114,7
7,114,36
36,114,108
11,16,43
54,11,43
11,28,56
11,54,28
85,64,72
47,64,85
64,47,40
24,55,65
24,41,55
41,70,15
70,41,26
70,47,15
70,26,47
49,27,39
26,27,49
27,19,39
34,102,110
34,28,101
28,34,56
34,8,56
50,105,107
33,50,107
16,21,25
21,6,25
53,34,29
34,53,8
45,57,71
61,0,25
61,45,0
61,6,17
6,61,25
28,103,101
98,103,28
52,82,80
82,52,94
32,4,54
18,74,23
74,68,23
74,32,68
4,74,18
74,4,32
38,60,57
38,46,51
38,31,46
5,38,51
60,38,5
31,22,33
22,61,17
38,22,31
95,35,3
42,35,95
35,30,3
35,62,30
62,35,13
44,64,40
104,44,109
64,44,72
109,44,108
44,40,108
44,104,106
72,44,106
24,14,41
27,14,19
41,14,26
14,27,26
9,34,110
34,9,29
113,9,110
9,113,105
50,9,105
97,34,101
34,97,102
59,50,33
59,22,17
22,59,33
21,58,6
53,58,8
58,37,6
37,58,53
0,66,65
45,66,0
66,45,71
45,48,57
61,48,45
48,38,57
22,48,61
48,22,38
52,73,18
73,4,18
4,73,54
54,73,69
73,52,69
67,35,42
67,7,36
67,42,7
67,36,13
35,67,13
14,63,19
63,14,24
63,24,65
66,63,65
63,71,19
63,66,71
20,59,17
59,20,50
20,37,53
20,53,29
6,20,17
37,20,6
9,20,29
20,9,50
58,10,8
8,10,56
10,11,56
11,10,16
10,21,16
10,58,21
