115,188
0.53806276344405,0.1630076804152042
0.8470245420670758,0.590673775874713
0.5218829070487806,0.8889847447583116
0.7468233915280037,0.3836791443944003
0.7595231740829366,0.2537957746590759
0.6104278784481321,0.8548083363423101
0.34486757404309454,0.7053937058772867
0.44561863015553393,0.7903766026938486
0.6000588094682158,0.29584381965432166
0.5562054766344574,0.542134630690624
0.10110064121713079,0.699510362229955
0.628758587568504,0.49762070665266267
0.3263915356815257,0.5413838949888837
0.15876301909139956,0.44548587622319735
0.42096734244419654,0.30504207006223744
0.5568166647949446,0.17112082360088188
0.12976197328010317,0.6635022005957714
0.6531107573432846,0.7823205615475332
0.46681246964153444,0.8200342632778858
0.7146676361944417,0.19005464143621176
0.4741847271525602,0.5975207018830447
0.5191855198713621,0.7252171366326613
0.7091003435687497,0.22542067177617486
0.2820543210283122,0.5360716447771692
0.37840609413535575,0.7494870107862688
0.5138897793492426,0.3435551249842207
0.44578025916378505,0.1701718009571466
0.7484257156328983,0.18069525770193168
0.40856560958832455,0.5919820784048894
0.7600215850172815,0.4924668985159395
0.21177966165423703,0.3992292060484245
0.8262126952384827,0.5508984127842512
0.2747451377531138,0.6938165062369209
0.1905794388724904,0.19096079238031757
0.3511001648414288,0.8693862858844515
0.27284416740946105,0.7767759354798284
0.8110962370480398,0.3525754953272283
0.453327290009526,0.47116691392361887
0.27907181999375064,0.8964847775973142
0.17778148554044668,0.8332535747757847
0.2878452740976045,0.7424257063431887
0.6866163243322199,0.2823622849311092
0.6703332519550698,0.8015657250905607
0.3604879840850207,0.680823371687859
0.19079998792397374,0.4475444908212748
0.32792245026410544,0.7859580603539464
0.43160268730211326,0.33951293853243425
0.313720221743531,0.22716829063185529
0.8240019541710416,0.8350225745138568
0.4520617963972473,0.10431582560912932
0.7491807182580351,0.3927511178077414
0.6766260425190719,0.7611791602935476
0.2035940929793764,0.15605397928498146
0.7985636626909834,0.10761235328400875
0.7747341329470432,0.2530970580348215
0.35603659288687894,0.10856504340108915
0.41851378423638896,0.6402151554679935
0.693706276429435,0.8842476342826584
0.3060143665664857,0.7306351308736257
0.7973646611782041,0.6895397140049798
0.7531957520371448,0.7935971212036342
0.6532423252659759,0.2996030309094443
0.27431752679287935,0.44835056718227884
0.7899732802734254,0.22604761753295116
0.4701587764077605,0.5844532072364163
0.45061519239265935,0.25618696865556156
0.25020335443787844,0.2888444812348797
0.5164119363652312,0.5402414394355046
0.6300613451244145,0.6380886509334405
0.8249613498002215,0.10079863507462027
0.27182543195407216,0.8530010967118349
0.20689137401384283,0.6910420357265111
0.7427669021296532,0.11637303904215389
0.13556902454524267,0.6183705596790229
0.6282745580068104,0.5958764011347519
0.0,0.0
0.0,1.0
1.0,0.0
1.0,1.0
0.6131354681175528,1.0
0.30323003149643035,0.0
0.40870375667835523,0.0
0.9301003690614345,0.0
0.4807273003651804,1.0
0.06546452983204643,1.0
0.9832396396370687,1.0
0.3752478302496045,0.0
0.4384719366535037,0.0
0.47590655423054806,1.0
0.5879133389697973,0.0
0.8279655319579488,0.0
0.40947939912910625,0.0
0.4293125338904801,0.0
0.10584894842736026,1.0
0.37491402278703667,1.0
0.8086056691102871,1.0
0.8347253311662279,0.0
0.0,0.7102141029778641
1.0,0.10531656024948644
0.0,0.02011468433501662
0.0,0.4531839616063277
1.0,0.3362522319263487
0.0,0.8336601613140828
1.0,0.3019230199101147
1.0,0.4673494593317228
0.0,0.6856905058184573
0.0,0.04433725827504087
1.0,0.11964870449105591
0.0,0.41425624625699975
1.0,0.9631765488129208
1.0,0.9693260627726666
0.0,0.5519568914081918
1.0,0.27828982354685405
1.0,0.6773932289403416
0.0,0.4500822752017125
99,52,106
93,102,39
35,39,71
33,108,106
52,33,106
95,79,57
2,79,83
109,85,95
48,95,57
48,109,95
48,113,109
113,48,59
13,111,100
10,102,97
102,10,39
39,10,71
10,16,71
102,84,76
84,102,93
40,35,71
37,12,62
88,2,83
88,34,2
88,94,34
34,18,2
35,70,39
40,45,35
70,45,34
45,70,35
114,13,100
13,114,108
80,99,75
80,52,99
30,13,108
33,30,108
30,33,66
62,30,66
79,5,57
5,79,2
18,5,2
85,110,78
110,85,109
11,37,25
113,1,104
1,113,59
37,46,25
46,37,62
46,62,66
33,47,66
47,33,52
72,89,90
73,111,13
16,73,71
105,10,97
73,105,111
10,105,16
105,73,16
60,48,57
48,60,59
32,40,71
28,12,37
7,18,34
7,45,24
45,7,34
94,38,34
38,70,34
38,94,93
38,93,39
70,38,39
5,21,17
21,5,18
7,21,18
21,7,24
21,68,17
68,21,20
31,1,59
1,31,104
31,36,104
36,31,29
36,101,104
8,11,25
65,8,25
14,65,25
46,14,25
14,47,65
14,46,66
47,14,66
80,55,52
55,47,52
55,80,86
81,55,86
53,72,90
72,15,89
15,0,89
8,15,22
0,15,65
15,8,65
98,82,77
12,23,62
73,23,71
23,32,71
32,23,12
42,60,57
5,42,57
42,5,17
60,51,59
51,68,59
68,51,17
51,42,17
42,51,60
28,64,20
64,28,37
20,64,67
64,37,67
56,28,20
56,21,24
21,56,20
37,9,67
11,9,37
9,20,67
9,68,20
31,74,29
74,11,29
68,74,59
74,31,59
74,9,11
9,74,68
103,36,112
103,101,36
50,36,29
50,3,36
11,50,29
3,50,11
8,61,11
61,3,11
61,8,22
49,55,81
89,49,87
0,49,89
69,53,90
98,69,82
69,98,107
15,19,22
19,15,72
44,73,13
44,23,73
23,44,62
44,30,62
30,44,13
32,58,40
6,58,32
58,45,40
45,58,24
58,6,24
28,43,12
43,32,12
43,6,32
56,43,28
6,43,24
43,56,24
41,61,22
61,41,3
49,92,87
49,26,55
47,26,65
55,26,47
26,0,65
26,49,0
96,69,90
69,96,82
63,107,112
63,69,107
36,63,112
69,63,53
91,49,81
91,92,49
3,4,36
41,4,3
4,41,22
53,27,72
63,27,53
27,19,72
4,27,63
19,27,22
27,4,22
54,63,36
4,54,36
54,4,63
