3 75 400
0 0 0
0 0 1
0 1 0
0 1 1
1 0 0
1 0 1
1 1 0
1 1 1
0.14419049018202124 0.86149562396016577 0.76737861796003615
0.63550532873911458 0.41517970995867548 0.56669374525055083
0.68779071284680393 0.67900541035693596 0.30744170787033953
0.076921277428980139 0.026822891992938303 0.0019520555539647155
0.80077790299963825 0.56680361867793683 0.80390876750615048
0.35178095233435958 0.90185530055531116 0.35053853740304741
0.70723249369098395 0.59216312381785963 0.53994327087141403
0.8235983555466877 0.24909038895551383 0.034106796877474199
0.46075609577559185 0.40316107927151745 0.13163429556788186
0.75956432385405037 0.55632502049879251 0.85195228259669464
0.17261132445775729 0.89079499462890999 0.45772010157680698
0.82242356227926361 0.084107529466951214 0.059273672975275415
0.487261451155934 0.51999907199230655 0.43628031912694554
0.2416536568241654 0.70492974170213407 0.53660592591852552
0.86719981681553981 0.9229127950994529 0.87645580219115737
0.62130099085593482 0.28751424429916317 0.11749681771068199
0.37240398247658257 0.50963737363396566 0.30917626281340305
0.90434551991784595 0.63276185306580757 0.045811008420401866
0.70862558289648925 0.65889949819458871 0.55512407713966405
0.66191847157481609 0.70038972196228155 0.53541683724195721
0.75984437409801819 0.10399187820568223 0.19650560242915283
0.12179436830153978 0.0024214866574787663 0.3985218709455417
0.67795632179408005 0.37400033466720417 0.6415811092556617
0.7142877085476449 0.071614107208958666 0.32798593017080546
0.82575736945531364 0.32582948276736712 0.57727237886579452
0.57130362060070261 0.7876541878869795 0.37217389450148519
0.66581647106432429 0.89952331220674842 0.50989011297642906
0.0468902352855739 0.96847974828985639 0.10558594801225807
0.49069129762907704 0.56896738711808825 0.85360822183991469
0.20590158209589549 0.41280135533419904 0.14831687778610814
0.96404339727623301 0.86139196805400597 0.28378491001756967
0.38688341527653725 0.038473465493986558 0.10531783226037394
0.82040699233548731 0.76193845444200436 0.98581157088406046
0.79769846063132543 0.97816996891080721 0.015560047177302971
0.26268398325430986 0.4280651804619019 0.20435880969541809
0.13468645809545343 0.60860320682073044 0.47764034044676729
0.24847736932208486 0.042683363810857577 0.85200174941862428
0.75036897182772389 0.27297883259572131 0.22558795730025416
0.68715090057490313 0.88312220615371384 0.18377895071059636
0.86808971119429501 0.78555791547907672 0.14399239186428137
0.60745249094737341 0.71787272010794156 0.74107806501798346
0.83092755281654651 0.41300112422858926 0.74980801065136871
0.64632945746728188 0.69374484138356762 0.65843158675016777
0.57056010901706433 0.42843965153725982 0.8976563585369054
0.64876955880386122 0.064872241987864232 0.072641229492005355
0.019755991617652069 0.18001980813387164 0.58318408418533374
0.42909794470430029 0.14687453358968838 0.17091784635916374
0.80798347942128967 0.95318983432758109 0.064340058244686027
0.77939799970934465 0.076263076198411661 0.78915639435903462
0.7113539598170403 0.72869954032003448 0.92952197412449511
0.79270179658213469 0.61104099892764396 0.059326669687038036
0.095979513432361885 0.12826036833776377 0.6962689054060357
0.11854348726646635 0.48030725318312195 0.25769884369634133
0.1692705349235144 0.75239976992489077 0.85859663461565938
0.4403597310841304 0.8698257966490297 0.13199749383666814
0.25399759992952253 0.54701998255306428 0.036095953670227998
0.33341876078053911 0.11535613586780535 0.38703688386798252
0.78883103975715929 0.23276633403964231 0.89392679167544364
0.34771404991217514 0.30180766661141423 0.15519919641384394
0.62997828123587085 0.52084432116904344 0.53916251363774215
0.038686649236617798 0.077592358027465336 0.26003851758713892
0.16245469379860555 0.92865128247601247 0.7749159788593597
0.71460226089425538 0.87844381295336593 0.49749360843100643
0.52086621284751211 0.81851195623311768 0.73550052580137004
0.68747512812083444 0.45628901783898601 0.024875569616549353
0.22281906508220006 0.95533494871593405 0.59280538386995563
0.8874633186707972 0.45384058552380047 0.74242697130767221
38 34 6 7
38 25 6 4
72 25 6 4
32 38 25 4
41 34 6 7
41 72 6 2
41 72 25 6
29 39 68 64
29 68 1 0
29 39 4 0
44 29 5 1
44 29 59 1
44 36 51 1
44 36 59 51
44 29 59 64
73 41 34 7
73 41 6 7
73 41 6 2
15 72 25 4
15 32 25 4
31 29 5 4
31 29 39 4
31 29 39 64
31 44 29 64
10 32 38 25
10 32 14 38
70 38 34 7
74 38 5 4
74 32 5 4
74 32 38 4
74 38 5 7
74 32 14 38
55 38 34 6
55 41 34 6
55 70 38 34
53 68 2 0
53 68 1 0
53 29 68 1
53 29 59 1
53 29 68 64
53 29 59 64
53 59 64 20
60 68 2 0
60 53 68 2
60 42 68 64
60 53 68 64
63 60 2 0
63 41 62 2
63 41 72 2
63 41 72 62
40 51 5 1
40 51 3 1
40 74 5 7
65 51 5 1
65 44 5 1
65 44 51 1
65 40 51 5
65 40 74 5
35 73 3 2
35 73 18 3
35 53 3 2
35 60 53 2
35 63 60 2
35 63 62 2
35 41 62 2
35 73 41 2
61 53 3 1
61 53 59 1
61 51 3 1
61 36 51 1
61 36 51 3
61 44 59 1
61 44 36 1
61 44 36 59
11 15 72 4
11 72 6 4
11 72 6 2
11 39 4 0
11 63 2 0
11 63 72 2
11 63 39 72
11 29 68 0
11 29 39 0
11 29 39 68
54 31 39 64
54 39 68 64
52 39 72 23
52 15 72 23
52 54 39 23
52 54 31 39
52 31 39 4
52 11 39 72
52 11 15 72
52 11 39 4
52 11 15 4
27 33 71 34
27 33 70 34
27 33 70 10
27 33 10 20
27 67 10 20
27 67 10 14
9 59 64 20
9 67 36 20
9 67 32 14
9 36 59 20
9 36 59 51
9 44 59 64
9 44 59 51
58 41 72 62
58 41 72 25
58 55 41 25
58 10 72 62
58 15 72 25
13 35 73 18
13 35 63 62
13 35 41 62
13 35 73 41
13 73 41 34
13 73 71 34
13 33 71 34
13 35 60 18
13 35 63 60
46 55 70 38
46 70 10 38
46 33 70 10
46 55 70 34
46 33 70 34
46 33 10 62
46 58 10 62
46 13 33 34
46 13 33 62
46 58 41 62
46 58 55 41
46 55 41 34
46 13 41 34
46 13 41 62
57 36 51 3
57 40 51 3
57 61 36 3
57 61 71 3
57 61 36 71
26 74 14 38
26 27 10 14
26 27 70 10
26 10 14 38
26 70 10 38
56 65 44 5
56 44 29 5
56 31 29 5
56 31 44 29
56 31 44 64
56 32 5 4
56 31 5 4
56 31 32 4
56 74 32 5
56 65 74 5
56 65 44 51
17 65 40 51
17 65 40 74
17 57 40 51
17 57 36 51
43 35 53 3
43 35 60 53
43 35 18 3
43 35 60 18
43 61 53 3
43 13 60 18
43 53 64 20
43 60 53 64
43 36 59 20
43 53 59 20
43 61 36 59
43 61 53 59
69 61 71 3
69 73 3 7
69 73 18 3
37 63 60 42
37 60 42 68
37 63 60 0
37 11 63 0
37 60 68 0
37 11 68 0
28 52 15 23
28 54 31 23
28 52 54 23
28 52 54 31
28 31 32 4
45 54 31 23
45 9 31 32
45 54 23 20
45 54 31 64
45 9 31 64
45 28 31 23
45 28 31 32
45 9 67 20
45 54 64 20
45 9 64 20
45 28 15 23
45 9 67 32
45 67 10 20
45 15 32 4
45 28 32 4
45 28 15 4
45 10 32 14
45 67 32 14
45 67 10 14
45 15 72 23
45 58 15 72
45 10 72 23
45 58 10 72
45 15 32 25
45 58 15 25
45 10 32 25
45 58 10 25
49 56 74 32
49 56 65 32
49 56 65 74
49 74 32 14
49 17 65 51
49 17 65 74
47 46 10 38
47 46 58 10
47 10 38 25
47 58 10 25
47 46 55 38
47 58 55 25
47 46 58 55
47 38 25 6
47 55 38 6
47 41 25 6
47 55 41 6
47 55 41 25
22 40 3 7
22 57 40 3
22 57 71 3
22 69 3 7
22 69 71 3
22 70 34 7
22 69 73 7
22 69 73 71
22 73 34 7
22 73 71 34
22 40 74 7
22 70 38 7
22 74 38 7
22 26 70 38
22 26 74 38
30 56 65 32
30 49 65 32
30 9 31 32
30 56 31 32
30 56 65 51
30 9 32 14
30 49 32 14
30 49 65 51
30 9 31 64
30 56 31 64
30 9 44 51
30 56 44 51
30 9 67 14
30 49 17 51
30 9 44 64
30 56 44 64
30 9 36 51
30 17 36 51
30 9 67 36
50 30 67 36
50 30 17 36
50 27 67 14
50 26 27 14
50 67 36 20
50 27 67 20
50 26 27 70
50 27 71 34
50 27 70 34
50 22 26 70
24 43 13 60
24 63 60 42
24 13 63 60
24 60 42 64
24 43 60 64
24 13 63 62
24 43 64 20
24 13 33 62
24 33 10 20
24 33 10 62
8 69 73 71
8 69 61 71
8 69 73 18
8 43 61 3
8 69 61 3
8 43 18 3
8 69 18 3
16 37 63 42
16 39 72 23
16 63 39 72
16 24 63 42
16 54 23 20
16 10 72 23
16 63 72 62
16 24 63 62
16 24 10 20
16 10 72 62
16 24 10 62
16 45 23 20
16 45 10 20
16 45 10 23
66 42 68 64
66 37 42 68
66 54 68 64
66 37 11 68
66 24 42 64
66 16 37 42
66 11 39 68
66 54 39 68
66 54 64 20
66 24 64 20
66 16 24 42
66 11 63 39
66 37 11 63
66 16 54 20
66 16 24 20
66 54 39 23
66 16 39 23
66 16 54 23
66 16 63 39
66 16 37 63
19 52 15 4
19 28 15 4
19 28 52 15
19 52 31 4
19 28 31 4
19 28 52 31
12 17 40 74
12 22 40 74
12 22 26 74
12 17 57 40
12 22 57 40
12 26 74 14
12 50 22 26
12 50 22 57
12 49 74 14
12 49 17 74
12 50 26 14
12 30 49 14
12 30 49 17
12 50 30 17
12 30 67 14
12 50 67 14
12 50 30 67
48 50 36 20
48 57 36 71
48 22 57 71
48 50 22 57
48 17 57 36
48 50 17 36
48 22 71 34
48 50 71 34
48 12 17 57
48 12 50 57
48 12 50 17
48 22 70 34
48 50 70 34
48 50 22 70
21 8 61 71
21 8 43 61
21 61 36 71
21 43 61 36
21 8 73 71
21 43 36 20
21 8 73 18
21 8 43 18
21 48 36 20
21 48 36 71
21 13 73 71
21 13 73 18
21 43 13 18
21 48 50 20
21 48 50 71
21 13 33 71
21 24 43 20
21 24 43 13
21 50 27 20
21 50 27 71
21 27 33 20
21 27 33 71
21 24 33 20
21 24 13 33
38 6 7 4
38 5 7 4
29 1 4 0
29 5 1 4
73 3 7 2
73 6 7 2
53 3 1 2
53 1 2 0
40 5 7 1
40 3 7 1
11 2 4 0
11 6 2 4
