83,137
0.0,0.0
1.0,0.0
0.0,1.0
1.0,1.0
0.789237825484131,0.5039135472120704
0.7701375777679937,1.0
0.764435853186202,0.0
0.32214210715615466,0.7975130815167206
1.0,0.5535373433203488
0.31422305935928235,1.0
0.3162590483670243,0.0
0.8624964818892534,0.8206109493600506
0.09005479482475796,0.22294470462141389
0.08510353408959924,1.0
0.8633988583792868,0.2540591743061995
0.5513602973434293,0.25047784394849437
0.8581259582784329,1.0
0.08432070667767178,0.0
0.8563941976258163,0.0
0.5557182024389521,1.0
0.7255357909211335,0.7411109533873493
0.5536753482764478,0.648646672468356
0.8652268119413125,0.5218050971502305
0.5554937217991052,0.0
0.2636984110728977,0.3824399994233379
0.360512557085595,0.33802743036899763
0.7977950650822426,0.7972555885152057
1.0,0.799380124452151
0.2334859837380656,0.08158032466380799
0.23711725108929355,0.7571661479224878
0.08369357979453024,0.9142886724508755
1.0,0.32303721426137266
0.24096827458153008,1.0
0.7367615964352058,0.28731368978807265
0.8029488320172077,0.2699331462057582
0.04345712919443956,0.1075849081750988
0.7204789274850373,0.511746363350016
0.2411222288794773,0.0
0.040617765359322676,1.0
0.8278849583073931,0.6423167960539039
0.8824298073275816,0.6636985408455254
0.7750742340659442,0.6317621571189123
0.040007883969470685,0.9590275758800944
0.8158430537996927,0.9409249298870519
0.0402574507449023,0.0
0.7269043527593967,0.9086705261823629
0.36989271352112096,0.6147452944628452
0.30210833979643864,0.6808032938700721
0.37757709020915264,0.9208919662279934
0.8151184019896022,1.0
0.8117451346730589,0.003279890562159061
0.8115890835880346,0.0
0.8269997661805855,0.4417809447273149
0.5548115732757896,0.8440675897667139
0.7849561586609648,0.36981183609375673
0.8887140954172609,0.9221018591036325
0.7749270569387671,0.9123225113032503
0.622340083765035,0.10595299880851251
0.2983279352469425,0.21248624737364985
0.3751018220188358,1.0
0.3186911979676443,0.4670090123313899
0.9697676930098831,0.8040480545901428
0.9693417689830264,0.5463188857934159
0.710395259242679,0.04029509822166785
0.9703916736871075,1.0
0.8275814468373103,0.5129415241365537
0.9695584239399054,0.3076654521746257
0.8837440117981759,0.388397428284685
0.8434578580976104,0.3293286782825599
0.0,0.5535366771850764
0.08518694088708602,0.6266927702440506
0.04073134507976724,0.5885155840461908
0.04134346783055586,0.4017644299735576
0.10486804565980115,0.3962436339229147
0.3779194731433418,0.0
0.21859693871616664,0.48835603586319487
0.5525785465598677,0.46000622038124955
0.851664527135425,0.9298004972895849
0.2778027447110808,0.87961125394905
0.26979520319246775,0.4774370224778488
0.3258085267664609,0.8994732020967542
0.31102351975933995,0.36073005574150113
0.48881926869475245,0.16015803552686395
46,25,76
69,42,2
73,24,75
24,73,12
35,44,17
12,35,17
44,35,0
42,38,2
38,42,13
31,66,1
61,27,3
27,61,8
6,63,23
63,57,23
15,82,23
57,15,23
25,15,76
82,15,25
53,45,19
45,5,19
5,45,56
20,45,53
21,20,53
21,46,76
21,53,46
73,72,12
72,35,12
72,69,0
35,72,0
46,60,25
82,74,23
74,82,25
28,24,12
28,12,17
29,70,75
70,73,75
36,21,76
21,36,20
14,18,1
66,14,1
67,14,66
61,62,8
40,62,61
62,40,22
67,62,22
62,67,66
62,31,8
31,62,66
40,39,22
43,5,56
24,79,75
60,79,24
74,58,10
58,74,25
58,28,10
28,58,24
37,28,17
28,37,10
42,30,13
30,70,29
30,32,13
32,30,29
71,42,69
72,71,69
71,30,42
30,71,70
71,72,73
70,71,73
53,48,46
48,53,19
39,65,22
14,50,18
63,33,57
33,15,57
15,33,76
33,36,76
36,41,20
41,65,39
43,49,5
49,43,16
26,43,56
45,26,56
26,45,20
41,26,20
26,41,39
55,64,16
64,61,3
64,55,61
43,77,16
77,55,16
47,60,46
47,79,60
47,29,75
79,47,75
81,58,25
58,81,24
60,81,25
81,60,24
78,32,29
59,48,19
51,50,6
50,51,18
34,50,14
50,34,6
34,63,6
34,33,63
4,41,36
41,4,65
77,11,55
26,11,43
11,77,43
11,40,61
55,11,61
11,39,40
11,26,39
48,7,46
7,47,46
47,7,29
7,78,29
78,9,32
68,14,67
68,34,14
80,9,78
80,7,48
7,80,78
9,80,59
59,80,48
52,68,67
52,67,22
65,52,22
4,52,65
54,52,4
33,54,36
54,4,36
34,54,33
68,54,34
52,54,68
